Alabama,Autauga,1001.0,2387,0.8
Alabama,Baldwin,1003.0,5290,0.647
Alabama,Barbour,1005.0,2567,0.9059999999999999
Alabama,Bibb,1007.0,942,0.755
Alabama,Blount,1009.0,564,0.551
Alabama,Bullock,1011.0,2451,0.9129999999999999
Alabama,Butler,1013.0,2196,0.9209999999999999
Alabama,Calhoun,1015.0,5011,0.765
Alabama,Chambers,1017.0,2899,0.8859999999999999
Alabama,Cherokee,1019.0,712,0.6609999999999999
Alabama,Chilton,1021.0,860,0.731
Alabama,Choctaw,1023.0,1772,0.802
Alabama,Clarke,1025.0,3148,0.93
Alabama,Clay,1027.0,807,0.818
Alabama,Cleburne,1029.0,221,0.732
Alabama,Coffee,1031.0,1493,0.772
Alabama,Colbert,1033.0,3879,0.65
Alabama,Conecuh,1035.0,2031,0.7140000000000001
Alabama,Coosa,1037.0,1012,0.877
Alabama,Covington,1039.0,737,0.773
Alabama,Crenshaw,1041.0,908,0.878
Alabama,Cullman,1043.0,1275,0.608
Alabama,Dale,1045.0,1544,0.77
Alabama,Dallas,1047.0,8577,0.7440000000000001
Alabama,DeKalb,1049.0,1297,0.629
Alabama,Elmore,1051.0,3019,0.8009999999999999
Alabama,Escambia,1053.0,2027,0.885
Alabama,Etowah,1055.0,4262,0.746
Alabama,Fayette,1057.0,660,0.767
Alabama,Franklin,1059.0,1233,0.484
Alabama,Geneva,1061.0,544,0.7490000000000001
Alabama,Greene,1063.0,2714,0.9009999999999999
Alabama,Hale,1065.0,2426,0.7959999999999999
Alabama,Henry,1067.0,1170,0.856
Alabama,Houston,1069.0,3044,0.7829999999999999
Alabama,Jackson,1071.0,1327,0.7
Alabama,Jefferson,1073.0,67357,0.816
Alabama,Lamar,1075.0,442,0.616
Alabama,Lauderdale,1077.0,3676,0.652
Alabama,Lawrence,1079.0,2047,0.777
Alabama,Lee,1081.0,7137,0.736
Alabama,Limestone,1083.0,3199,0.728
Alabama,Lowndes,1085.0,3782,0.887
Alabama,Macon,1087.0,4293,0.892
Alabama,Madison,1089.0,19995,0.6859999999999999
Alabama,Marengo,1091.0,3590,0.6579999999999999
Alabama,Marion,1093.0,567,0.655
Alabama,Marshall,1095.0,1494,0.621
Alabama,Mobile,1097.0,28927,0.8270000000000001
Alabama,Monroe,1099.0,2438,0.909
Alabama,Montgomery,1101.0,28650,0.862
Alabama,Morgan,1103.0,3897,0.731
Alabama,Perry,1105.0,2575,0.82
Alabama,Pickens,1107.0,2326,0.762
Alabama,Pike,1109.0,2183,0.8370000000000001
Alabama,Randolph,1111.0,1236,0.706
Alabama,Russell,1113.0,4381,0.728
Alabama,Shelby,1117.0,6657,0.628
Alabama,St. Clair,1115.0,1808,0.693
Alabama,Sumter,1119.0,2987,0.809
Alabama,Talladega,1121.0,5561,0.865
Alabama,Tallapoosa,1123.0,2658,0.88
Alabama,Tuscaloosa,1125.0,12136,0.767
Alabama,Walker,1127.0,1772,0.6709999999999999
Alabama,Washington,1129.0,1511,0.575
Alabama,Wilcox,1131.0,3337,0.843
Alabama,Winston,1133.0,303,0.667
Alaska,State House District 1,90200101.0,3,0.25
Alaska,State House District 10,90200110.0,2,0.2
Alaska,State House District 11,90200111.0,2,0.182
Alaska,State House District 12,90200112.0,0,0.0
Alaska,State House District 13,90200113.0,2,0.28600000000000003
Alaska,State House District 14,90200114.0,4,0.308
Alaska,State House District 15,90200115.0,1,0.111
Alaska,State House District 16,90200116.0,3,0.2
Alaska,State House District 17,90200117.0,4,0.28600000000000003
Alaska,State House District 18,90200118.0,4,0.222
Alaska,State House District 19,90200119.0,4,0.33299999999999996
Alaska,State House District 2,90200102.0,1,0.16699999999999998
Alaska,State House District 20,90200120.0,6,0.33299999999999996
Alaska,State House District 21,90200121.0,6,0.33299999999999996
Alaska,State House District 22,90200122.0,3,0.214
Alaska,State House District 23,90200123.0,0,0.0
Alaska,State House District 24,90200124.0,5,0.33299999999999996
Alaska,State House District 25,90200125.0,4,0.267
Alaska,State House District 26,90200126.0,4,0.28600000000000003
Alaska,State House District 27,90200127.0,4,0.235
Alaska,State House District 28,90200128.0,5,0.263
Alaska,State House District 29,90200129.0,2,0.2
Alaska,State House District 3,90200103.0,0,0.0
Alaska,State House District 30,90200130.0,2,0.222
Alaska,State House District 31,90200131.0,0,0.0
Alaska,State House District 32,90200132.0,0,0.0
Alaska,State House District 33,90200133.0,4,0.16
Alaska,State House District 34,90200134.0,4,0.222
Alaska,State House District 35,90200135.0,4,0.222
Alaska,State House District 36,90200136.0,2,0.16699999999999998
Alaska,State House District 37,90200137.0,3,0.214
Alaska,State House District 38,90200138.0,0,0.0
Alaska,State House District 39,90200139.0,4,0.235
Alaska,State House District 4,90200104.0,3,0.158
Alaska,State House District 40,90200140.0,0,0.0
Alaska,State House District 5,90200105.0,0,0.0
Alaska,State House District 6,90200106.0,0,0.0
Alaska,State House District 7,90200107.0,2,0.25
Alaska,State House District 8,90200108.0,0,0.0
Alaska,State House District 9,90200109.0,2,0.2
Arizona,Apache,4001.0,4450,0.664
Arizona,Cochise,4003.0,4654,0.565
Arizona,Coconino,4005.0,5738,0.441
Arizona,Gila,4007.0,2196,0.5920000000000001
Arizona,Graham,4009.0,937,0.491
Arizona,Greenlee,4011.0,497,0.546
Arizona,La Paz,4012.0,309,0.517
Arizona,Maricopa,4013.0,126988,0.581
Arizona,Mohave,4015.0,4170,0.564
Arizona,Navajo,4017.0,4415,0.597
Arizona,Pima,4019.0,56317,0.573
Arizona,Pinal,4021.0,9771,0.621
Arizona,Santa Cruz,4023.0,2496,0.6579999999999999
Arizona,Yavapai,4025.0,8401,0.529
Arizona,Yuma,4027.0,4358,0.637
Arkansas,Arkansas,5001.0,724,0.833
Arkansas,Ashley,5003.0,1375,0.474
Arkansas,Baxter,5005.0,1391,0.624
Arkansas,Benton,5007.0,5650,0.541
Arkansas,Boone,5009.0,721,0.5920000000000001
Arkansas,Bradley,5011.0,593,0.8320000000000001
Arkansas,Calhoun,5013.0,413,0.45
Arkansas,Carroll,5015.0,0,0.0
Arkansas,Chicot,5017.0,1370,0.8109999999999999
Arkansas,Clark,5019.0,1650,0.752
Arkansas,Clay,5021.0,960,0.52
Arkansas,Cleburne,5023.0,758,0.687
Arkansas,Cleveland,5025.0,382,0.688
Arkansas,Columbia,5027.0,1008,0.738
Arkansas,Conway,5029.0,1755,0.621
Arkansas,Craighead,5031.0,3543,0.64
Arkansas,Crawford,5033.0,1586,0.625
Arkansas,Crittenden,5035.0,3379,0.764
Arkansas,Cross,5037.0,780,0.742
Arkansas,Dallas,5039.0,693,0.568
Arkansas,Desha,5041.0,1342,0.6859999999999999
Arkansas,Drew,5043.0,1250,0.6779999999999999
Arkansas,Faulkner,5045.0,4077,0.586
Arkansas,Franklin,5047.0,667,0.672
Arkansas,Fulton,5049.0,701,0.5539999999999999
Arkansas,Garland,5051.0,4057,0.687
Arkansas,Grant,5053.0,690,0.6629999999999999
Arkansas,Greene,5055.0,1236,0.655
Arkansas,Hempstead,5057.0,786,0.795
Arkansas,Hot Spring,5059.0,1562,0.637
Arkansas,Howard,5061.0,535,0.765
Arkansas,Independence,5063.0,1059,0.645
Arkansas,Izard,5065.0,516,0.649
Arkansas,Jackson,5067.0,702,0.73
Arkansas,Jefferson,5069.0,9936,0.787
Arkansas,Johnson,5071.0,1056,0.623
Arkansas,Lafayette,5073.0,443,0.687
Arkansas,Lawrence,5075.0,933,0.495
Arkansas,Lee,5077.0,956,0.8959999999999999
Arkansas,Lincoln,5079.0,599,0.757
Arkansas,Little River,5081.0,721,0.531
Arkansas,Logan,5083.0,881,0.6890000000000001
Arkansas,Lonoke,5085.0,1664,0.654
Arkansas,Madison,5087.0,1085,0.41700000000000004
Arkansas,Marion,5089.0,421,0.556
Arkansas,Miller,5091.0,1300,0.7609999999999999
Arkansas,Mississippi,5093.0,2017,0.8190000000000001
Arkansas,Monroe,5095.0,843,0.607
Arkansas,Montgomery,5097.0,316,0.66
Arkansas,Nevada,5099.0,647,0.5920000000000001
Arkansas,Newton,5101.0,192,0.469
Arkansas,Ouachita,5103.0,2095,0.7509999999999999
Arkansas,Perry,5105.0,648,0.529
Arkansas,Phillips,5107.0,2696,0.754
Arkansas,Pike,5109.0,367,0.642
Arkansas,Poinsett,5111.0,717,0.7240000000000001
Arkansas,Polk,5113.0,349,0.544
Arkansas,Pope,5115.0,1680,0.5760000000000001
Arkansas,Prairie,5117.0,558,0.517
Arkansas,Pulaski,5119.0,34862,0.764
Arkansas,Randolph,5121.0,662,0.619
Arkansas,Saint Francis,5123.0,1912,0.8079999999999999
Arkansas,Saline,5125.0,4358,0.674
Arkansas,Scott,5127.0,306,0.636
Arkansas,Searcy,5129.0,221,0.564
Arkansas,Sebastian,5131.0,3694,0.611
Arkansas,Sevier,5133.0,342,0.623
Arkansas,Sharp,5135.0,608,0.642
Arkansas,Stone,5137.0,547,0.544
Arkansas,Union,5139.0,2548,0.503
Arkansas,Van Buren,5141.0,770,0.607
Arkansas,Washington,5143.0,9110,0.513
Arkansas,White,5145.0,2024,0.69
Arkansas,Woodruff,5147.0,862,0.662
Arkansas,Yell,5149.0,723,0.5820000000000001
California,Alameda,6001.0,107102,0.537
California,Alpine,6003.0,110,0.456
California,Amador,6005.0,1949,0.517
California,Butte,6007.0,9681,0.4
California,Calaveras,6009.0,2630,0.513
California,Colusa,6011.0,653,0.512
California,Contra Costa,6013.0,69809,0.594
California,Del Norte,6015.0,1015,0.425
California,El Dorado,6017.0,10367,0.515
California,Fresno,6019.0,32895,0.595
California,Glenn,6021.0,649,0.491
California,Humboldt,6023.0,6036,0.31
California,Imperial,6025.0,5743,0.6679999999999999
California,Inyo,6027.0,756,0.43200000000000005
California,Kern,6029.0,19104,0.573
California,Kings,6031.0,3921,0.5920000000000001
California,Lake,6033.0,2408,0.46399999999999997
California,Lassen,6035.0,690,0.455
California,Los Angeles,6037.0,590502,0.57
California,Madera,6039.0,4831,0.556
California,Marin,6041.0,27238,0.5760000000000001
California,Mariposa,6043.0,963,0.47
California,Mendocino,6045.0,2690,0.364
California,Merced,6047.0,7169,0.57
California,Modoc,6049.0,240,0.435
California,Mono,6051.0,755,0.449
California,Monterey,6053.0,17126,0.565
California,Napa,6055.0,7370,0.602
California,Nevada,6057.0,5591,0.395
California,Orange,6059.0,123723,0.546
California,Placer,6061.0,17299,0.569
California,Plumas,6063.0,1209,0.44
California,Riverside,6065.0,73724,0.599
California,Sacramento,6067.0,68248,0.569
California,San Benito,6069.0,2022,0.5770000000000001
California,San Bernardino,6071.0,71246,0.5720000000000001
California,San Diego,6073.0,139813,0.551
California,San Francisco,6075.0,85070,0.556
California,San Joaquin,6077.0,25118,0.598
California,San Luis Obispo,6079.0,16833,0.506
California,San Mateo,6081.0,47358,0.609
California,Santa Barbara,6083.0,23543,0.502
California,Santa Clara,6085.0,109963,0.605
California,Santa Cruz,6087.0,20105,0.442
California,Shasta,6089.0,5875,0.478
California,Sierra,6091.0,213,0.43200000000000005
California,Siskiyou,6093.0,1585,0.4
California,Solano,6095.0,31753,0.568
California,Sonoma,6097.0,44923,0.509
California,Stanislaus,6099.0,15309,0.5489999999999999
California,Sutter,6101.0,2370,0.546
California,Tehama,6103.0,1487,0.47700000000000004
California,Trinity,6105.0,585,0.373
California,Tulare,6107.0,8375,0.581
California,Tuolumne,6109.0,2851,0.513
California,Ventura,6111.0,45848,0.5379999999999999
California,Yolo,6113.0,12567,0.518
California,Yuba,6115.0,1572,0.46399999999999997
Colorado,Adams,8001.0,2060,0.38299999999999995
Colorado,Alamosa,8003.0,90,0.34
Colorado,Arapahoe,8005.0,5320,0.46299999999999997
Colorado,Archuleta,8007.0,83,0.342
Colorado,Baca,8009.0,15,0.319
Colorado,Bent,8011.0,26,0.48100000000000004
Colorado,Boulder,8013.0,6354,0.363
Colorado,Broomfield,8014.0,563,0.35200000000000004
Colorado,Chaffee,8015.0,210,0.33899999999999997
Colorado,Cheyenne,8017.0,5,0.5
Colorado,Clear Creek,8019.0,159,0.442
Colorado,Conejos,8021.0,73,0.584
Colorado,Costilla,8023.0,64,0.5660000000000001
Colorado,Crowley,8025.0,15,0.469
Colorado,Custer,8027.0,34,0.43
Colorado,Delta,8029.0,177,0.295
Colorado,Denver,8031.0,12097,0.45
Colorado,Dolores,8033.0,8,0.22899999999999998
Colorado,Douglas,8035.0,2342,0.496
Colorado,Eagle,8037.0,344,0.35200000000000004
Colorado,El Paso,8041.0,3109,0.384
Colorado,Elbert,8039.0,89,0.379
Colorado,Fremont,8043.0,193,0.41200000000000003
Colorado,Garfield,8045.0,439,0.368
Colorado,Gilpin,8047.0,74,0.298
Colorado,Grand,8049.0,94,0.321
Colorado,Gunnison,8051.0,141,0.22399999999999998
Colorado,Hinsdale,8053.0,3,0.214
Colorado,Huerfano,8055.0,93,0.36200000000000004
Colorado,Jackson,8057.0,15,0.556
Colorado,Jefferson,8059.0,5478,0.396
Colorado,Kiowa,8061.0,5,0.455
Colorado,Kit Carson,8063.0,11,0.40700000000000003
Colorado,La Plata,8067.0,819,0.358
Colorado,Lake,8065.0,53,0.235
Colorado,Larimer,8069.0,3231,0.326
Colorado,Las Animas,8071.0,80,0.386
Colorado,Lincoln,8073.0,20,0.47600000000000003
Colorado,Logan,8075.0,77,0.513
Colorado,Mesa,8077.0,791,0.414
Colorado,Mineral,8079.0,16,0.381
Colorado,Moffat,8081.0,21,0.42
Colorado,Montezuma,8083.0,198,0.324
Colorado,Montrose,8085.0,210,0.447
Colorado,Morgan,8087.0,70,0.446
Colorado,Otero,8089.0,78,0.451
Colorado,Ouray,8091.0,86,0.355
Colorado,Park,8093.0,118,0.33799999999999997
Colorado,Phillips,8095.0,11,0.344
Colorado,Pitkin,8097.0,349,0.45299999999999996
Colorado,Prowers,8099.0,40,0.69
Colorado,Pueblo,8101.0,1260,0.517
Colorado,Rio Blanco,8103.0,8,0.308
Colorado,Rio Grande,8105.0,47,0.435
Colorado,Routt,8107.0,230,0.35700000000000004
Colorado,Saguache,8109.0,47,0.174
Colorado,San Juan,8111.0,11,0.289
Colorado,San Miguel,8113.0,89,0.212
Colorado,Sedgwick,8115.0,13,0.619
Colorado,Summit,8117.0,276,0.395
Colorado,Teller,8119.0,126,0.358
Colorado,Washington,8121.0,10,0.435
Colorado,Weld,8123.0,1043,0.385
Colorado,Yuma,8125.0,45,0.536
Connecticut,Andover,90900001.0,145,0.34700000000000003
Connecticut,Ansonia,90900002.0,582,0.475
Connecticut,Ashford,90900003.0,212,0.355
Connecticut,Avon,90900004.0,1097,0.578
Connecticut,Barkhamsted,90900005.0,137,0.38799999999999996
Connecticut,Beacon Falls,90900006.0,150,0.344
Connecticut,Berlin,90900007.0,1007,0.452
Connecticut,Bethany,90900008.0,310,0.444
Connecticut,Bethel,90900009.0,737,0.46
Connecticut,Bethlehem,90900010.0,144,0.37799999999999995
Connecticut,Bloomfield,90900011.0,2821,0.746
Connecticut,Bolton,90900012.0,251,0.406
Connecticut,Bozrah,90900013.0,102,0.368
Connecticut,Branford,90900014.0,1626,0.484
Connecticut,Bridgeport,90900015.0,7278,0.65
Connecticut,Bridgewater,90900016.0,95,0.424
Connecticut,Bristol,90900017.0,2235,0.43799999999999994
Connecticut,Brookfield,90900018.0,598,0.48100000000000004
Connecticut,Brooklyn,90900019.0,225,0.40299999999999997
Connecticut,Burlington,90900020.0,402,0.45799999999999996
Connecticut,Canaan,90900021.0,54,0.297
Connecticut,Canterbury,90900022.0,133,0.37799999999999995
Connecticut,Canton,90900023.0,540,0.435
Connecticut,Chaplin,90900024.0,69,0.322
Connecticut,Cheshire,90900025.0,1342,0.512
Connecticut,Chester,90900026.0,277,0.429
Connecticut,Clinton,90900027.0,632,0.462
Connecticut,Colchester,90900028.0,624,0.384
Connecticut,Colebrook,90900029.0,53,0.358
Connecticut,Columbia,90900030.0,267,0.39
Connecticut,Cornwall,90900031.0,141,0.413
Connecticut,Coventry,90900032.0,521,0.40299999999999997
Connecticut,Cromwell,90900033.0,731,0.49200000000000005
Connecticut,Danbury,90900034.0,2319,0.537
Connecticut,Darien,90900035.0,832,0.695
Connecticut,Deep River,90900036.0,242,0.41200000000000003
Connecticut,Derby,90900037.0,459,0.46799999999999997
Connecticut,Durham,90900038.0,303,0.42
Connecticut,East Granby,90900040.0,244,0.45399999999999996
Connecticut,East Haddam,90900041.0,407,0.409
Connecticut,East Hampton,90900042.0,506,0.4
Connecticut,East Hartford,90900043.0,2419,0.556
Connecticut,East Haven,90900044.0,937,0.49200000000000005
Connecticut,East Lyme,90900045.0,1011,0.503
Connecticut,East Windsor,90900047.0,371,0.41600000000000004
Connecticut,Eastford,90900039.0,62,0.33899999999999997
Connecticut,Easton,90900046.0,394,0.5489999999999999
Connecticut,Ellington,90900048.0,499,0.43
Connecticut,Enfield,90900049.0,1375,0.425
Connecticut,Essex,90900050.0,513,0.521
Connecticut,Fairfield,90900051.0,3505,0.593
Connecticut,Farmington,90900052.0,1302,0.495
Connecticut,Franklin,90900053.0,56,0.344
Connecticut,Glastonbury,90900054.0,1985,0.514
Connecticut,Goshen,90900055.0,106,0.341
Connecticut,Granby,90900056.0,508,0.41
Connecticut,Greenwich,90900057.0,3206,0.6809999999999999
Connecticut,Griswold,90900058.0,326,0.35700000000000004
Connecticut,Groton,90900059.0,1332,0.45899999999999996
Connecticut,Guilford,90900060.0,1812,0.546
Connecticut,Haddam,90900061.0,437,0.41
Connecticut,Hamden,90900062.0,4914,0.565
Connecticut,Hampton,90900063.0,111,0.44
Connecticut,Hartford,90900064.0,7413,0.6940000000000001
Connecticut,Hartland,90900065.0,51,0.307
Connecticut,Harwinton,90900066.0,177,0.385
Connecticut,Hebron,90900067.0,415,0.433
Connecticut,Kent,90900068.0,264,0.485
Connecticut,Killingly,90900069.0,319,0.35100000000000003
Connecticut,Killingworth,90900070.0,356,0.493
Connecticut,Lebanon,90900071.0,235,0.331
Connecticut,Ledyard,90900072.0,525,0.449
Connecticut,Lisbon,90900073.0,145,0.371
Connecticut,Litchfield,90900074.0,399,0.449
Connecticut,Lyme,90900075.0,206,0.522
Connecticut,Madison,90900076.0,1154,0.556
Connecticut,Manchester,90900077.0,2574,0.45399999999999996
Connecticut,Mansfield,90900078.0,1051,0.324
Connecticut,Marlborough,90900079.0,343,0.465
Connecticut,Meriden,90900080.0,1948,0.506
Connecticut,Middlebury,90900081.0,271,0.446
Connecticut,Middlefield,90900082.0,195,0.408
Connecticut,Middletown,90900083.0,2481,0.457
Connecticut,Milford,90900084.0,2186,0.484
Connecticut,Monroe,90900085.0,643,0.48
Connecticut,Montville,90900086.0,504,0.39399999999999996
Connecticut,Morris,90900087.0,90,0.41700000000000004
Connecticut,Naugatuck,90900088.0,757,0.373
Connecticut,New Britain,90900089.0,2665,0.518
Connecticut,New Canaan,90900090.0,967,0.718
Connecticut,New Fairfield,90900091.0,425,0.467
Connecticut,New Hartford,90900092.0,250,0.354
Connecticut,New Haven,90900093.0,9710,0.573
Connecticut,New London,90900095.0,1156,0.456
Connecticut,New Milford,90900096.0,882,0.419
Connecticut,Newington,90900094.0,1631,0.485
Connecticut,Newtown,90900097.0,1362,0.527
Connecticut,Norfolk,90900098.0,129,0.473
Connecticut,North Branford,90900099.0,502,0.493
Connecticut,North Canaan,90900100.0,97,0.33799999999999997
Connecticut,North Haven,90900101.0,1080,0.511
Connecticut,North Stonington,90900102.0,201,0.41600000000000004
Connecticut,Norwalk,90900103.0,4457,0.593
Connecticut,Norwich,90900104.0,1238,0.42700000000000005
Connecticut,Old Lyme,90900105.0,476,0.515
Connecticut,Old Saybrook,90900106.0,678,0.539
Connecticut,Orange,90900107.0,680,0.555
Connecticut,Oxford,90900108.0,302,0.42100000000000004
Connecticut,Plainfield,90900109.0,412,0.402
Connecticut,Plainville,90900110.0,693,0.436
Connecticut,Plymouth,90900111.0,270,0.374
Connecticut,Pomfret,90900112.0,171,0.354
Connecticut,Portland,90900113.0,466,0.441
Connecticut,Preston,90900114.0,116,0.33799999999999997
Connecticut,Prospect,90900115.0,252,0.405
Connecticut,Putnam,90900116.0,267,0.41100000000000003
Connecticut,Redding,90900117.0,678,0.5710000000000001
Connecticut,Ridgefield,90900118.0,1566,0.594
Connecticut,Rocky Hill,90900119.0,982,0.501
Connecticut,Roxbury,90900120.0,172,0.5770000000000001
Connecticut,Salem,90900121.0,187,0.429
Connecticut,Salisbury,90900122.0,442,0.573
Connecticut,Scotland,90900123.0,45,0.28800000000000003
Connecticut,Seymour,90900124.0,397,0.38799999999999996
Connecticut,Sharon,90900125.0,188,0.501
Connecticut,Shelton,90900126.0,1219,0.46799999999999997
Connecticut,Sherman,90900127.0,149,0.457
Connecticut,Simsbury,90900128.0,1474,0.53
Connecticut,Somers,90900129.0,255,0.45299999999999996
Connecticut,South Windsor,90900132.0,1426,0.503
Connecticut,Southbury,90900130.0,955,0.527
Connecticut,Southington,90900131.0,1651,0.46799999999999997
Connecticut,Sprague,90900133.0,96,0.337
Connecticut,Stafford,90900134.0,367,0.341
Connecticut,Stamford,90900135.0,7387,0.645
Connecticut,Sterling,90900136.0,52,0.289
Connecticut,Stonington,90900137.0,1034,0.466
Connecticut,Stratford,90900138.0,2554,0.552
Connecticut,Suffield,90900139.0,563,0.46799999999999997
Connecticut,Thomaston,90900140.0,170,0.348
Connecticut,Thompson,90900141.0,273,0.409
Connecticut,Tolland,90900142.0,593,0.418
Connecticut,Torrington,90900143.0,843,0.38299999999999995
Connecticut,Trumbull,90900144.0,1556,0.532
Connecticut,Union,90900145.0,25,0.301
Connecticut,Vernon,90900146.0,1022,0.42
Connecticut,Voluntown,90900147.0,51,0.252
Connecticut,Wallingford,90900148.0,1632,0.474
Connecticut,Warren,90900149.0,56,0.386
Connecticut,Washington,90900150.0,252,0.511
Connecticut,Waterbury,90900151.0,2937,0.503
Connecticut,Waterford,90900152.0,895,0.46399999999999997
Connecticut,Watertown,90900153.0,538,0.395
Connecticut,West Hartford,90900155.0,5578,0.551
Connecticut,West Haven,90900156.0,2456,0.503
Connecticut,Westbrook,90900154.0,293,0.485
Connecticut,Weston,90900157.0,940,0.698
Connecticut,Westport,90900158.0,2661,0.703
Connecticut,Wethersfield,90900159.0,1561,0.501
Connecticut,Willington,90900160.0,209,0.32299999999999995
Connecticut,Wilton,90900161.0,1216,0.654
Connecticut,Winchester,90900162.0,239,0.332
Connecticut,Windham,90900163.0,740,0.379
Connecticut,Windsor,90900164.0,2743,0.611
Connecticut,Windsor Locks,90900165.0,442,0.43
Connecticut,Wolcott,90900166.0,384,0.41200000000000003
Connecticut,Woodbridge,90900167.0,893,0.615
Connecticut,Woodbury,90900168.0,465,0.46299999999999997
Connecticut,Woodstock,90900169.0,305,0.376
Delaware,Kent,10001.0,7338,0.588
Delaware,New Castle,10003.0,38580,0.595
Delaware,Sussex,10005.0,10032,0.614
Florida,Alachua,12001.0,17733,0.49200000000000005
Florida,Baker,12003.0,654,0.385
Florida,Bay,12005.0,5209,0.526
Florida,Bradford,12007.0,1056,0.48700000000000004
Florida,Brevard,12009.0,31835,0.597
Florida,Broward,12011.0,132527,0.725
Florida,Calhoun,12013.0,437,0.36200000000000004
Florida,Charlotte,12015.0,8125,0.621
Florida,Citrus,12017.0,6863,0.563
Florida,Clay,12019.0,5345,0.5710000000000001
Florida,Collier,12021.0,12712,0.6609999999999999
Florida,Columbia,12023.0,2299,0.529
Florida,DeSoto,12027.0,987,0.526
Florida,Dixie,12029.0,409,0.402
Florida,Duval,12031.0,58632,0.672
Florida,Escambia,12033.0,16765,0.622
Florida,Flagler,12035.0,6152,0.6579999999999999
Florida,Franklin,12037.0,665,0.47
Florida,Gadsden,12039.0,7446,0.764
Florida,Gilchrist,12041.0,428,0.375
Florida,Glades,12043.0,387,0.499
Florida,Gulf,12045.0,568,0.474
Florida,Hamilton,12047.0,758,0.547
Florida,Hardee,12049.0,529,0.527
Florida,Hendry,12051.0,1156,0.606
Florida,Hernando,12053.0,8882,0.596
Florida,Highlands,12055.0,3711,0.614
Florida,Hillsborough,12057.0,68936,0.628
Florida,Holmes,12059.0,339,0.28300000000000003
Florida,Indian River,12061.0,6897,0.624
Florida,Jackson,12063.0,2798,0.539
Florida,Jefferson,12065.0,1671,0.6459999999999999
Florida,Lafayette,12067.0,295,0.3
Florida,Lake,12069.0,15914,0.635
Florida,Lee,12071.0,27940,0.627
Florida,Leon,12073.0,27333,0.565
Florida,Levy,12075.0,1570,0.5
Florida,Liberty,12077.0,316,0.38
Florida,Madison,12079.0,1542,0.624
Florida,Manatee,12081.0,18116,0.625
Florida,Marion,12083.0,18220,0.627
Florida,Martin,12085.0,6523,0.598
Florida,Miami-Dade,12086.0,129467,0.747
Florida,Monroe,12087.0,4830,0.5529999999999999
Florida,Nassau,12089.0,2910,0.562
Florida,Okaloosa,12091.0,4559,0.52
Florida,Okeechobee,12093.0,1150,0.552
Florida,Orange,12095.0,66654,0.638
Florida,Osceola,12097.0,16512,0.682
Florida,Palm Beach,12099.0,103369,0.715
Florida,Pasco,12101.0,21760,0.583
Florida,Pinellas,12103.0,63699,0.603
Florida,Polk,12105.0,29328,0.63
Florida,Putnam,12107.0,3182,0.494
Florida,Santa Rosa,12113.0,3938,0.49200000000000005
Florida,Sarasota,12115.0,25881,0.611
Florida,Seminole,12117.0,22069,0.583
Florida,St. Johns,12109.0,9734,0.57
Florida,St. Lucie,12111.0,17554,0.669
Florida,Sumter,12119.0,7022,0.6809999999999999
Florida,Suwannee,12121.0,1475,0.42200000000000004
Florida,Taylor,12123.0,983,0.45899999999999996
Florida,Union,12125.0,336,0.36700000000000005
Florida,Volusia,12127.0,26276,0.602
Florida,Wakulla,12129.0,1659,0.489
Florida,Walton,12131.0,1515,0.5
Florida,Washington,12133.0,858,0.47100000000000003
Georgia,Appling,13001.0,490,0.7559999999999999
Georgia,Atkinson,13003.0,201,0.7979999999999999
Georgia,Bacon,13005.0,113,0.638
Georgia,Baker,13007.0,303,0.851
Georgia,Baldwin,13009.0,3034,0.794
Georgia,Banks,13011.0,172,0.49
Georgia,Barrow,13013.0,1457,0.617
Georgia,Bartow,13015.0,2216,0.59
Georgia,Ben Hill,13017.0,779,0.802
Georgia,Berrien,13019.0,325,0.667
Georgia,Bibb,13021.0,12944,0.828
Georgia,Bleckley,13023.0,370,0.777
Georgia,Brantley,13025.0,137,0.491
Georgia,Brooks,13027.0,714,0.7759999999999999
Georgia,Bryan,13029.0,893,0.633
Georgia,Bulloch,13031.0,1910,0.607
Georgia,Burke,13033.0,1659,0.895
Georgia,Butts,13035.0,922,0.8170000000000001
Georgia,Calhoun,13037.0,499,0.889
Georgia,Camden,13039.0,1405,0.6659999999999999
Georgia,Candler,13043.0,434,0.7829999999999999
Georgia,Carroll,13045.0,3173,0.617
Georgia,Catoosa,13047.0,1082,0.508
Georgia,Charlton,13049.0,275,0.737
Georgia,Chatham,13051.0,19898,0.723
Georgia,Chattahoochee,13053.0,182,0.813
Georgia,Chattooga,13055.0,566,0.637
Georgia,Cherokee,13057.0,4837,0.518
Georgia,Clarke,13059.0,7089,0.507
Georgia,Clay,13061.0,297,0.858
Georgia,Clayton,13063.0,25130,0.816
Georgia,Clinch,13065.0,167,0.795
Georgia,Cobb,13067.0,39277,0.635
Georgia,Coffee,13069.0,1094,0.77
Georgia,Colquitt,13071.0,1035,0.7609999999999999
Georgia,Columbia,13073.0,4805,0.669
Georgia,Cook,13075.0,580,0.762
Georgia,Coweta,13077.0,4536,0.665
Georgia,Crawford,13079.0,493,0.7909999999999999
Georgia,Crisp,13081.0,729,0.8009999999999999
Georgia,Dade,13083.0,241,0.503
Georgia,Dawson,13085.0,312,0.53
Georgia,DeKalb,13089.0,82348,0.715
Georgia,Decatur,13087.0,1316,0.79
Georgia,Dodge,13091.0,579,0.795
Georgia,Dooly,13093.0,737,0.884
Georgia,Dougherty,13095.0,8891,0.857
Georgia,Douglas,13097.0,9375,0.746
Georgia,Early,13099.0,671,0.892
Georgia,Echols,13101.0,32,0.457
Georgia,Effingham,13103.0,1178,0.645
Georgia,Elbert,13105.0,805,0.75
Georgia,Emanuel,13107.0,755,0.831
Georgia,Evans,13109.0,347,0.785
Georgia,Fannin,13111.0,545,0.599
Georgia,Fayette,13113.0,7257,0.711
Georgia,Floyd,13115.0,2555,0.645
Georgia,Forsyth,13117.0,3701,0.5379999999999999
Georgia,Franklin,13119.0,352,0.627
Georgia,Fulton,13121.0,82576,0.711
Georgia,Gilmer,13123.0,489,0.53
Georgia,Glascock,13125.0,38,0.623
Georgia,Glynn,13127.0,2870,0.687
Georgia,Gordon,13129.0,776,0.575
Georgia,Grady,13131.0,887,0.759
Georgia,Greene,13133.0,1076,0.858
Georgia,Gwinnett,13135.0,37465,0.662
Georgia,Habersham,13137.0,608,0.52
Georgia,Hall,13139.0,3482,0.603
Georgia,Hancock,13141.0,1112,0.8740000000000001
Georgia,Haralson,13143.0,413,0.551
Georgia,Harris,13145.0,1372,0.75
Georgia,Hart,13147.0,740,0.723
Georgia,Heard,13149.0,276,0.701
Georgia,Henry,13151.0,15639,0.777
Georgia,Houston,13153.0,6274,0.76
Georgia,Irwin,13155.0,326,0.799
Georgia,Jackson,13157.0,1193,0.614
Georgia,Jasper,13159.0,632,0.8140000000000001
Georgia,Jeff Davis,13161.0,400,0.7659999999999999
Georgia,Jefferson,13163.0,1519,0.885
Georgia,Jenkins,13165.0,355,0.841
Georgia,Johnson,13167.0,388,0.851
Georgia,Jones,13169.0,1585,0.802
Georgia,Lamar,13171.0,868,0.799
Georgia,Lanier,13173.0,234,0.765
Georgia,Laurens,13175.0,2294,0.8220000000000001
Georgia,Lee,13177.0,1009,0.742
Georgia,Liberty,13179.0,2783,0.797
Georgia,Lincoln,13181.0,538,0.845
Georgia,Long,13183.0,261,0.685
Georgia,Lowndes,13185.0,3891,0.68
Georgia,Lumpkin,13187.0,560,0.506
Georgia,Macon,13193.0,977,0.899
Georgia,Madison,13195.0,656,0.557
Georgia,Marion,13197.0,431,0.763
Georgia,McDuffie,13189.0,1274,0.847
Georgia,McIntosh,13191.0,863,0.8440000000000001
Georgia,Meriwether,13199.0,1463,0.8540000000000001
Georgia,Miller,13201.0,159,0.7759999999999999
Georgia,Mitchell,13205.0,1338,0.858
Georgia,Monroe,13207.0,1250,0.8009999999999999
Georgia,Montgomery,13209.0,287,0.782
Georgia,Morgan,13211.0,910,0.775
Georgia,Murray,13213.0,444,0.512
Georgia,Muscogee,13215.0,12801,0.7909999999999999
Georgia,Newton,13217.0,7269,0.78
Georgia,Oconee,13219.0,1223,0.525
Georgia,Oglethorpe,13221.0,561,0.605
Georgia,Paulding,13223.0,4095,0.6559999999999999
Georgia,Peach,13225.0,1675,0.8370000000000001
Georgia,Pickens,13227.0,431,0.531
Georgia,Pierce,13229.0,219,0.67
Georgia,Pike,13231.0,417,0.684
Georgia,Polk,13233.0,944,0.6859999999999999
Georgia,Pulaski,13235.0,376,0.86
Georgia,Putnam,13237.0,871,0.802
Georgia,Quitman,13239.0,193,0.91
Georgia,Rabun,13241.0,397,0.541
Georgia,Randolph,13243.0,690,0.895
Georgia,Richmond,13245.0,16269,0.8170000000000001
Georgia,Rockdale,13247.0,7930,0.78
Georgia,Schley,13249.0,146,0.8340000000000001
Georgia,Screven,13251.0,771,0.8109999999999999
Georgia,Seminole,13253.0,470,0.8440000000000001
Georgia,Spalding,13255.0,3129,0.7859999999999999
Georgia,Stephens,13257.0,460,0.607
Georgia,Stewart,13259.0,460,0.9
Georgia,Sumter,13261.0,1960,0.8240000000000001
Georgia,Talbot,13263.0,852,0.867
Georgia,Taliaferro,13265.0,236,0.8640000000000001
Georgia,Tattnall,13267.0,518,0.7609999999999999
Georgia,Taylor,13269.0,476,0.877
Georgia,Telfair,13271.0,426,0.8109999999999999
Georgia,Terrell,13273.0,804,0.8809999999999999
Georgia,Thomas,13275.0,2053,0.782
Georgia,Tift,13277.0,1151,0.759
Georgia,Toombs,13279.0,562,0.762
Georgia,Towns,13281.0,312,0.529
Georgia,Treutlen,13283.0,300,0.8220000000000001
Georgia,Troup,13285.0,3357,0.789
Georgia,Turner,13287.0,330,0.789
Georgia,Twiggs,13289.0,818,0.8640000000000001
Georgia,Union,13291.0,573,0.563
Georgia,Upson,13293.0,1236,0.8079999999999999
Georgia,Walker,13295.0,1009,0.53
Georgia,Walton,13297.0,2309,0.6990000000000001
Georgia,Ware,13299.0,919,0.75
Georgia,Warren,13301.0,468,0.895
Georgia,Washington,13303.0,1741,0.8640000000000001
Georgia,Wayne,13305.0,700,0.732
Georgia,Webster,13307.0,170,0.895
Georgia,Wheeler,13309.0,177,0.8590000000000001
Georgia,White,13311.0,498,0.524
Georgia,Whitfield,13313.0,1536,0.5329999999999999
Georgia,Wilcox,13315.0,302,0.868
Georgia,Wilkes,13317.0,702,0.821
Georgia,Wilkinson,13319.0,832,0.833
Georgia,Worth,13321.0,684,0.794
Hawaii,Hawaii,15001.0,1639,0.226
Hawaii,Honolulu,15003.0,6686,0.368
Hawaii,Kauai,15007.0,607,0.228
Hawaii,Maui,15009.0,1195,0.212
Idaho,Ada,16001.0,1663,0.182
Idaho,Adams,16003.0,19,0.275
Idaho,Bannock,16005.0,301,0.2
Idaho,Bear Lake,16007.0,12,0.324
Idaho,Benewah,16009.0,20,0.282
Idaho,Bingham,16011.0,55,0.23199999999999998
Idaho,Blaine,16013.0,249,0.316
Idaho,Boise,16015.0,36,0.321
Idaho,Bonner,16017.0,185,0.205
Idaho,Bonneville,16019.0,217,0.209
Idaho,Boundary,16021.0,27,0.14400000000000002
Idaho,Butte,16023.0,5,0.192
Idaho,Camas,16025.0,7,0.368
Idaho,Canyon,16027.0,278,0.17300000000000001
Idaho,Caribou,16029.0,3,0.3
Idaho,Cassia,16031.0,36,0.387
Idaho,Clark,16033.0,0,0.0
Idaho,Clearwater,16035.0,38,0.418
Idaho,Custer,16037.0,12,0.27899999999999997
Idaho,Elmore,16039.0,77,0.32799999999999996
Idaho,Franklin,16041.0,25,0.40299999999999997
Idaho,Fremont,16043.0,5,0.172
Idaho,Gem,16045.0,50,0.26899999999999996
Idaho,Gooding,16047.0,28,0.364
Idaho,Idaho County,16049.0,48,0.348
Idaho,Jefferson,16051.0,24,0.192
Idaho,Jerome,16053.0,32,0.23
Idaho,Kootenai,16055.0,493,0.24
Idaho,Latah,16057.0,310,0.161
Idaho,Lemhi,16059.0,17,0.18100000000000002
Idaho,Lewis,16061.0,20,0.5
Idaho,Lincoln,16063.0,15,0.385
Idaho,Madison,16065.0,47,0.17800000000000002
Idaho,Minidoka,16067.0,26,0.33299999999999996
Idaho,Nez Perce,16069.0,155,0.28600000000000003
Idaho,Oneida,16071.0,5,0.455
Idaho,Owyhee,16073.0,22,0.355
Idaho,Payette,16075.0,46,0.336
Idaho,Power,16077.0,19,0.297
Idaho,Shoshone,16079.0,45,0.34600000000000003
Idaho,Teton,16081.0,84,0.21
Idaho,Twin Falls,16083.0,201,0.278
Idaho,Valley,16085.0,73,0.26899999999999996
Idaho,Washington,16087.0,35,0.321
Illinois,Adams,17001.0,1731,0.507
Illinois,Alexander,17003.0,770,0.6
Illinois,Bond,17005.0,718,0.447
Illinois,Boone,17007.0,1957,0.41100000000000003
Illinois,Brown,17009.0,160,0.49200000000000005
Illinois,Bureau,17011.0,1518,0.445
Illinois,Calhoun,17013.0,446,0.45
Illinois,Carroll,17015.0,625,0.488
Illinois,Cass,17017.0,504,0.469
Illinois,Champaign,17019.0,10542,0.33799999999999997
Illinois,Chicago,91700103.0,366954,0.536
Illinois,Christian,17021.0,1395,0.46799999999999997
Illinois,Clark,17023.0,560,0.447
Illinois,Clay,17025.0,378,0.449
Illinois,Clinton,17027.0,906,0.41200000000000003
Illinois,Coles,17029.0,1708,0.39899999999999997
Illinois,Cook Suburbs,91700104.0,249217,0.536
Illinois,Crawford,17033.0,609,0.501
Illinois,Cumberland,17035.0,364,0.396
Illinois,DeKalb,17037.0,4135,0.331
Illinois,DeWitt,17039.0,561,0.45399999999999996
Illinois,Douglas,17041.0,483,0.42200000000000004
Illinois,DuPage,17043.0,59103,0.474
Illinois,Edgar,17045.0,446,0.474
Illinois,Edwards,17047.0,143,0.48100000000000004
Illinois,Effingham,17049.0,867,0.40299999999999997
Illinois,Fayette,17051.0,616,0.48
Illinois,Ford,17053.0,288,0.391
Illinois,Franklin,17055.0,2172,0.42100000000000004
Illinois,Fulton,17057.0,2150,0.451
Illinois,Gallatin,17059.0,531,0.40299999999999997
Illinois,Greene,17061.0,503,0.469
Illinois,Grundy,17063.0,2051,0.395
Illinois,Hamilton,17065.0,418,0.428
Illinois,Hancock,17067.0,607,0.574
Illinois,Hardin,17069.0,162,0.40399999999999997
Illinois,Henderson,17071.0,338,0.52
Illinois,Henry,17073.0,2156,0.507
Illinois,Iroquois,17075.0,542,0.375
Illinois,Jackson,17077.0,2826,0.376
Illinois,Jasper,17079.0,328,0.405
Illinois,Jefferson,17081.0,1677,0.47200000000000003
Illinois,Jersey,17083.0,853,0.435
Illinois,JoDaviess,17085.0,1315,0.514
Illinois,Johnson,17087.0,361,0.451
Illinois,Kane,17089.0,24063,0.435
Illinois,Kankakee,17091.0,4898,0.457
Illinois,Kendall,17093.0,5283,0.41200000000000003
Illinois,Knox,17095.0,2836,0.467
Illinois,LaSalle,17099.0,5271,0.435
Illinois,Lake,17097.0,49750,0.527
Illinois,Lawrence,17101.0,417,0.47
Illinois,Lee,17103.0,1292,0.39399999999999996
Illinois,Livingston,17105.0,757,0.433
Illinois,Logan,17107.0,737,0.428
Illinois,Macon,17115.0,5945,0.5379999999999999
Illinois,Macoupin,17117.0,2770,0.429
Illinois,Madison,17119.0,15332,0.446
Illinois,Marion,17121.0,1609,0.47700000000000004
Illinois,Marshall,17123.0,568,0.49
Illinois,Mason,17125.0,680,0.49200000000000005
Illinois,Massac,17127.0,539,0.513
Illinois,McDonough,17109.0,1052,0.414
Illinois,McHenry,17111.0,9766,0.385
Illinois,McLean,17113.0,7695,0.371
Illinois,Menard,17129.0,398,0.444
Illinois,Mercer,17131.0,946,0.513
Illinois,Monroe,17133.0,1436,0.442
Illinois,Montgomery,17135.0,1241,0.483
Illinois,Morgan,17137.0,917,0.41200000000000003
Illinois,Moultrie,17139.0,462,0.44
Illinois,Ogle,17141.0,1793,0.402
Illinois,Peoria,17143.0,11341,0.52
Illinois,Perry,17145.0,853,0.46799999999999997
Illinois,Piatt,17147.0,787,0.43
Illinois,Pike,17149.0,495,0.508
Illinois,Pope,17151.0,109,0.37200000000000005
Illinois,Pulaski,17153.0,285,0.624
Illinois,Putnam,17155.0,450,0.46399999999999997
Illinois,Randolph,17157.0,1306,0.445
Illinois,Richland,17159.0,448,0.442
Illinois,Rock Island,17161.0,10216,0.516
Illinois,Saline,17165.0,1042,0.45899999999999996
Illinois,Sangamon,17167.0,9255,0.469
Illinois,Schuyler,17169.0,368,0.544
Illinois,Scott,17171.0,150,0.466
Illinois,Shelby,17173.0,782,0.441
Illinois,St. Clair,17163.0,20987,0.569
Illinois,Stark,17175.0,197,0.47100000000000003
Illinois,Stephenson,17177.0,1953,0.502
Illinois,Tazewell,17179.0,5867,0.447
Illinois,Union,17181.0,921,0.433
Illinois,Vermilion,17183.0,3017,0.512
Illinois,Wabash,17185.0,356,0.499
Illinois,Warren,17187.0,726,0.49
Illinois,Washington,17189.0,409,0.397
Illinois,Wayne,17191.0,277,0.41700000000000004
Illinois,White,17193.0,565,0.49
Illinois,Whiteside,17195.0,2895,0.48
Illinois,Will,17197.0,41651,0.47100000000000003
Illinois,Williamson,17199.0,2978,0.42200000000000004
Illinois,Winnebago,17201.0,15065,0.47200000000000003
Illinois,Woodford,17203.0,1277,0.43799999999999994
Indiana,Adams,18001.0,991,0.49
Indiana,Allen,18003.0,15032,0.478
Indiana,Bartholomew,18005.0,2778,0.466
Indiana,Benton,18007.0,190,0.447
Indiana,Blackford,18009.0,493,0.49
Indiana,Boone,18011.0,2075,0.44799999999999995
Indiana,Brown,18013.0,805,0.38799999999999996
Indiana,Carroll,18015.0,508,0.439
Indiana,Cass,18017.0,1137,0.40700000000000003
Indiana,Clark,18019.0,6192,0.539
Indiana,Clay,18021.0,931,0.47
Indiana,Clinton,18023.0,724,0.409
Indiana,Crawford,18025.0,684,0.526
Indiana,Daviess,18027.0,539,0.435
Indiana,DeKalb,18033.0,1139,0.473
Indiana,Dearborn,18029.0,1389,0.527
Indiana,Decatur,18031.0,631,0.46299999999999997
Indiana,Delaware,18035.0,6137,0.44299999999999995
Indiana,Dubois,18037.0,2305,0.501
Indiana,Elkhart,18039.0,4788,0.408
Indiana,Fayette,18041.0,984,0.473
Indiana,Floyd,18043.0,4584,0.527
Indiana,Fountain,18045.0,413,0.47200000000000003
Indiana,Franklin,18047.0,667,0.547
Indiana,Fulton,18049.0,594,0.465
Indiana,Gibson,18051.0,1484,0.505
Indiana,Grant,18053.0,2318,0.49700000000000005
Indiana,Greene,18055.0,1086,0.426
Indiana,Hamilton,18057.0,12297,0.45799999999999996
Indiana,Hancock,18059.0,1793,0.408
Indiana,Harrison,18061.0,1887,0.537
Indiana,Hendricks,18063.0,4873,0.414
Indiana,Henry,18065.0,1789,0.455
Indiana,Howard,18067.0,3526,0.486
Indiana,Huntington,18069.0,836,0.405
Indiana,Jackson,18071.0,1467,0.515
Indiana,Jasper,18073.0,910,0.408
Indiana,Jay,18075.0,692,0.496
Indiana,Jefferson,18077.0,1648,0.529
Indiana,Jennings,18079.0,837,0.47600000000000003
Indiana,Johnson,18081.0,3686,0.402
Indiana,Knox,18083.0,1742,0.495
Indiana,Kosciusko,18085.0,1373,0.39299999999999996
Indiana,LaGrange,18087.0,521,0.474
Indiana,LaPorte,18091.0,6178,0.45899999999999996
Indiana,Lake,18089.0,43091,0.5670000000000001
Indiana,Lawrence,18093.0,1062,0.392
Indiana,Madison,18095.0,6635,0.48100000000000004
Indiana,Marion,18097.0,59649,0.504
Indiana,Marshall,18099.0,1202,0.413
Indiana,Martin,18101.0,407,0.456
Indiana,Miami,18103.0,720,0.42200000000000004
Indiana,Monroe,18105.0,8063,0.34700000000000003
Indiana,Montgomery,18107.0,715,0.425
Indiana,Morgan,18109.0,1600,0.426
Indiana,Newton,18111.0,434,0.45399999999999996
Indiana,Noble,18113.0,1134,0.47100000000000003
Indiana,Ohio,18115.0,248,0.5820000000000001
Indiana,Orange,18117.0,603,0.47700000000000004
Indiana,Owen,18119.0,631,0.374
Indiana,Parke,18121.0,392,0.42100000000000004
Indiana,Perry,18123.0,1358,0.5489999999999999
Indiana,Pike,18125.0,526,0.457
Indiana,Porter,18127.0,9466,0.415
Indiana,Posey,18129.0,1117,0.44799999999999995
Indiana,Pulaski,18131.0,351,0.426
Indiana,Putnam,18133.0,974,0.45
Indiana,Randolph,18135.0,705,0.44299999999999995
Indiana,Ripley,18137.0,674,0.494
Indiana,Rush,18139.0,417,0.426
Indiana,Scott,18143.0,1588,0.552
Indiana,Shelby,18145.0,1215,0.44799999999999995
Indiana,Spencer,18147.0,1060,0.507
Indiana,St. Joseph,18141.0,15514,0.47200000000000003
Indiana,Starke,18149.0,1055,0.452
Indiana,Steuben,18151.0,981,0.467
Indiana,Sullivan,18153.0,1058,0.42100000000000004
Indiana,Switzerland,18155.0,430,0.512
Indiana,Tippecanoe,18157.0,5998,0.385
Indiana,Tipton,18159.0,437,0.419
Indiana,Union,18161.0,205,0.5
Indiana,Vanderburgh,18163.0,7679,0.457
Indiana,Vermillion,18165.0,1074,0.451
Indiana,Vigo,18167.0,6042,0.44799999999999995
Indiana,Wabash,18169.0,906,0.456
Indiana,Warren,18171.0,257,0.485
Indiana,Warrick,18173.0,2677,0.46
Indiana,Washington,18175.0,999,0.517
Indiana,Wayne,18177.0,2025,0.456
Indiana,Wells,18179.0,763,0.489
Indiana,White,18181.0,709,0.43700000000000006
Indiana,Whitley,18183.0,883,0.436
Iowa,Adair,19001.0,168,0.56
Iowa,Adams,19003.0,113,0.568
Iowa,Allamakee,19005.0,304,0.507
Iowa,Appanoose,19007.0,273,0.547
Iowa,Audubon,19009.0,187,0.625
Iowa,Benton,19011.0,672,0.56
Iowa,Black Hawk,19013.0,3220,0.467
Iowa,Boone,19015.0,585,0.45
Iowa,Bremer,19017.0,640,0.5329999999999999
Iowa,Buchanan,19019.0,525,0.525
Iowa,Buena Vista,19021.0,291,0.486
Iowa,Butler,19023.0,250,0.41700000000000004
Iowa,Calhoun,19025.0,200,0.5
Iowa,Carroll,19027.0,504,0.63
Iowa,Cass,19029.0,300,0.6
Iowa,Cedar,19031.0,354,0.44299999999999995
Iowa,Cerro Gordo,19033.0,1091,0.496
Iowa,Cherokee,19035.0,181,0.45399999999999996
Iowa,Chickasaw,19037.0,360,0.601
Iowa,Clarke,19039.0,232,0.58
Iowa,Clay,19041.0,296,0.494
Iowa,Clayton,19043.0,392,0.49
Iowa,Clinton,19045.0,1165,0.486
Iowa,Crawford,19047.0,225,0.451
Iowa,Dallas,19049.0,1667,0.575
Iowa,Davis,19051.0,174,0.58
Iowa,Decatur,19053.0,150,0.502
Iowa,Delaware,19055.0,440,0.55
Iowa,Des Moines,19057.0,933,0.467
Iowa,Dickinson,19059.0,341,0.488
Iowa,Dubuque,19061.0,2504,0.522
Iowa,Emmet,19063.0,168,0.56
Iowa,Fayette,19065.0,525,0.526
Iowa,Floyd,19067.0,453,0.5670000000000001
Iowa,Franklin,19069.0,226,0.568
Iowa,Fremont,19071.0,120,0.444
Iowa,Greene,19073.0,215,0.539
Iowa,Grundy,19075.0,186,0.467
Iowa,Guthrie,19077.0,220,0.55
Iowa,Hamilton,19079.0,353,0.589
Iowa,Hancock,19081.0,240,0.612
Iowa,Hardin,19083.0,403,0.5770000000000001
Iowa,Harrison,19085.0,226,0.45299999999999996
Iowa,Henry,19087.0,350,0.5
Iowa,Howard,19089.0,184,0.461
Iowa,Humboldt,19091.0,166,0.555
Iowa,Ida,19093.0,106,0.5329999999999999
Iowa,Iowa,19095.0,357,0.51
Iowa,Jackson,19097.0,450,0.5
Iowa,Jasper,19099.0,927,0.515
Iowa,Jefferson,19101.0,245,0.273
Iowa,Johnson,19103.0,3700,0.402
Iowa,Jones,19105.0,419,0.466
Iowa,Keokuk,19107.0,250,0.625
Iowa,Kossuth,19109.0,360,0.608
Iowa,Lee,19111.0,929,0.547
Iowa,Linn,19113.0,5733,0.474
Iowa,Louisa,19115.0,224,0.56
Iowa,Lucas,19117.0,180,0.6
Iowa,Lyon,19119.0,80,0.402
Iowa,Madison,19121.0,320,0.5329999999999999
Iowa,Mahaska,19123.0,393,0.562
Iowa,Marion,19125.0,650,0.5
Iowa,Marshall,19127.0,839,0.466
Iowa,Mills,19129.0,255,0.511
Iowa,Mitchell,19131.0,260,0.65
Iowa,Monona,19133.0,180,0.602
Iowa,Monroe,19135.0,129,0.433
Iowa,Montgomery,19137.0,108,0.36
Iowa,Muscatine,19139.0,828,0.46
Iowa,O'Brien,19141.0,152,0.51
Iowa,Osceola,19143.0,56,0.5660000000000001
Iowa,Page,19145.0,197,0.494
Iowa,Palo Alto,19147.0,213,0.534
Iowa,Plymouth,19149.0,387,0.5539999999999999
Iowa,Pocahontas,19151.0,198,0.66
Iowa,Polk,19153.0,12122,0.532
Iowa,Pottawattamie,19155.0,1519,0.49
Iowa,Poweshiek,19157.0,424,0.47200000000000003
Iowa,Ringgold,19159.0,132,0.6629999999999999
Iowa,Sac,19161.0,165,0.55
Iowa,Scott,19163.0,4025,0.491
Iowa,Shelby,19165.0,168,0.42
Iowa,Sioux,19167.0,192,0.48100000000000004
Iowa,Story,19169.0,1862,0.405
Iowa,Tama,19171.0,476,0.529
Iowa,Taylor,19173.0,140,0.7
Iowa,Union,19175.0,231,0.46299999999999997
Iowa,Van Buren,19177.0,93,0.467
Iowa,Wapello,19179.0,817,0.5479999999999999
Iowa,Warren,19181.0,1217,0.5529999999999999
Iowa,Washington,19183.0,484,0.5379999999999999
Iowa,Wayne,19185.0,130,0.65
Iowa,Webster,19187.0,866,0.542
Iowa,Winnebago,19189.0,170,0.425
Iowa,Winneshiek,19191.0,484,0.44
Iowa,Woodbury,19193.0,1665,0.46299999999999997
Iowa,Worth,19195.0,181,0.45399999999999996
Iowa,Wright,19197.0,273,0.547
Kansas,Congressional District 1,92000106.0,1833,0.31
Kansas,Congressional District 2,92000107.0,3225,0.284
Kansas,Congressional District 3,92000108.0,4689,0.379
Kansas,Congressional District 4,92000109.0,2846,0.302
Kentucky,Adair,21001.0,466,0.496
Kentucky,Allen,21003.0,427,0.46
Kentucky,Anderson,21005.0,1132,0.36
Kentucky,Ballard,21007.0,405,0.32
Kentucky,Barren,21009.0,1979,0.37200000000000005
Kentucky,Bath,21011.0,628,0.456
Kentucky,Bell,21013.0,567,0.447
Kentucky,Boone,21015.0,2932,0.518
Kentucky,Bourbon,21017.0,1109,0.465
Kentucky,Boyd,21019.0,2193,0.447
Kentucky,Boyle,21021.0,1648,0.499
Kentucky,Bracken,21023.0,251,0.325
Kentucky,Breathitt,21025.0,1123,0.33899999999999997
Kentucky,Breckinridge,21027.0,877,0.45899999999999996
Kentucky,Bullitt,21029.0,2907,0.444
Kentucky,Butler,21031.0,238,0.511
Kentucky,Caldwell,21033.0,570,0.34299999999999997
Kentucky,Calloway,21035.0,1460,0.358
Kentucky,Campbell,21037.0,3169,0.48100000000000004
Kentucky,Carlisle,21039.0,206,0.256
Kentucky,Carroll,21041.0,481,0.415
Kentucky,Carter,21043.0,800,0.391
Kentucky,Casey,21045.0,210,0.507
Kentucky,Christian,21047.0,2437,0.502
Kentucky,Clark,21049.0,1810,0.455
Kentucky,Clay,21051.0,184,0.484
Kentucky,Clinton,21053.0,151,0.579
Kentucky,Crittenden,21055.0,240,0.35600000000000004
Kentucky,Cumberland,21057.0,78,0.44799999999999995
Kentucky,Daviess,21059.0,5066,0.455
Kentucky,Edmonson,21061.0,275,0.495
Kentucky,Elliott,21063.0,301,0.35700000000000004
Kentucky,Estill,21065.0,446,0.47600000000000003
Kentucky,Fayette,21067.0,20014,0.528
Kentucky,Fleming,21069.0,627,0.40700000000000003
Kentucky,Floyd,21071.0,2327,0.314
Kentucky,Franklin,21073.0,5218,0.451
Kentucky,Fulton,21075.0,315,0.466
Kentucky,Gallatin,21077.0,260,0.395
Kentucky,Garrard,21079.0,434,0.505
Kentucky,Grant,21081.0,594,0.409
Kentucky,Graves,21083.0,1631,0.318
Kentucky,Grayson,21085.0,705,0.499
Kentucky,Green,21087.0,284,0.40399999999999997
Kentucky,Greenup,21089.0,1517,0.43799999999999994
Kentucky,Hancock,21091.0,491,0.425
Kentucky,Hardin,21093.0,4359,0.478
Kentucky,Harlan,21095.0,451,0.259
Kentucky,Harrison,21097.0,886,0.414
Kentucky,Hart,21099.0,817,0.397
Kentucky,Henderson,21101.0,2887,0.434
Kentucky,Henry,21103.0,781,0.406
Kentucky,Hickman,21105.0,209,0.325
Kentucky,Hopkins,21107.0,1690,0.327
Kentucky,Jackson,21109.0,78,0.359
Kentucky,Jefferson,21111.0,64090,0.573
Kentucky,Jessamine,21113.0,1875,0.442
Kentucky,Johnson,21115.0,444,0.32899999999999996
Kentucky,Kenton,21117.0,5146,0.49
Kentucky,Knott,21119.0,583,0.308
Kentucky,Knox,21121.0,520,0.479
Kentucky,LaRue,21123.0,612,0.34700000000000003
Kentucky,Laurel,21125.0,845,0.491
Kentucky,Lawrence,21127.0,444,0.353
Kentucky,Lee,21129.0,199,0.429
Kentucky,Leslie,21131.0,64,0.43799999999999994
Kentucky,Letcher,21133.0,838,0.267
Kentucky,Lewis,21135.0,211,0.517
Kentucky,Lincoln,21137.0,779,0.47700000000000004
Kentucky,Livingston,21139.0,400,0.344
Kentucky,Logan,21141.0,1077,0.43799999999999994
Kentucky,Lyon,21143.0,497,0.405
Kentucky,Madison,21151.0,3441,0.41600000000000004
Kentucky,Magoffin,21153.0,511,0.42700000000000005
Kentucky,Marion,21155.0,1162,0.503
Kentucky,Marshall,21157.0,1577,0.34700000000000003
Kentucky,Martin,21159.0,104,0.312
Kentucky,Mason,21161.0,727,0.441
Kentucky,McCracken,21145.0,3334,0.43799999999999994
Kentucky,McCreary,21147.0,169,0.419
Kentucky,McLean,21149.0,477,0.381
Kentucky,Meade,21163.0,1312,0.419
Kentucky,Menifee,21165.0,311,0.44799999999999995
Kentucky,Mercer,21167.0,988,0.391
Kentucky,Metcalfe,21169.0,506,0.41700000000000004
Kentucky,Monroe,21171.0,126,0.508
Kentucky,Montgomery,21173.0,1289,0.45799999999999996
Kentucky,Morgan,21175.0,544,0.316
Kentucky,Muhlenberg,21177.0,1544,0.433
Kentucky,Nelson,21179.0,2395,0.47600000000000003
Kentucky,Nicholas,21181.0,353,0.42200000000000004
Kentucky,Ohio,21183.0,778,0.413
Kentucky,Oldham,21185.0,2730,0.524
Kentucky,Owen,21187.0,453,0.34600000000000003
Kentucky,Owsley,21189.0,77,0.433
Kentucky,Pendleton,21191.0,388,0.366
Kentucky,Perry,21193.0,839,0.3
Kentucky,Pike,21195.0,2335,0.261
Kentucky,Powell,21197.0,623,0.424
Kentucky,Pulaski,21199.0,1169,0.474
Kentucky,Robertson,21201.0,95,0.32
Kentucky,Rockcastle,21203.0,238,0.457
Kentucky,Rowan,21205.0,1170,0.44
Kentucky,Russell,21207.0,343,0.48200000000000004
Kentucky,Scott,21209.0,2505,0.486
Kentucky,Shelby,21211.0,2195,0.478
Kentucky,Simpson,21213.0,708,0.45899999999999996
Kentucky,Spencer,21215.0,673,0.42700000000000005
Kentucky,Taylor,21217.0,949,0.503
Kentucky,Todd,21219.0,333,0.35100000000000003
Kentucky,Trigg,21221.0,604,0.408
Kentucky,Trimble,21223.0,415,0.38299999999999995
Kentucky,Union,21225.0,672,0.299
Kentucky,Warren,21227.0,4829,0.449
Kentucky,Washington,21229.0,601,0.47
Kentucky,Wayne,21231.0,502,0.556
Kentucky,Webster,21233.0,693,0.287
Kentucky,Whitley,21235.0,522,0.525
Kentucky,Wolfe,21237.0,414,0.42100000000000004
Kentucky,Woodford,21239.0,1862,0.46299999999999997
Louisiana,Acadia,22001.0,1862,0.537
Louisiana,Allen,22003.0,536,0.551
Louisiana,Ascension,22005.0,4221,0.711
Louisiana,Assumption,22007.0,1139,0.7140000000000001
Louisiana,Avoyelles,22009.0,1181,0.64
Louisiana,Beauregard,22011.0,679,0.535
Louisiana,Bienville,22013.0,1056,0.769
Louisiana,Bossier,22015.0,2919,0.665
Louisiana,Caddo,22017.0,16666,0.7979999999999999
Louisiana,Calcasieu,22019.0,6594,0.657
Louisiana,Caldwell,22021.0,250,0.564
Louisiana,Cameron,22023.0,123,0.374
Louisiana,Catahoula,22025.0,431,0.606
Louisiana,Claiborne,22027.0,768,0.763
Louisiana,Concordia,22029.0,1830,0.767
Louisiana,DeSoto,22031.0,1508,0.7709999999999999
Louisiana,East Baton Rouge,22033.0,32960,0.784
Louisiana,East Carroll,22035.0,508,0.88
Louisiana,East Feliciana,22037.0,1847,0.7759999999999999
Louisiana,Evangeline,22039.0,1319,0.631
Louisiana,Franklin,22041.0,650,0.655
Louisiana,Grant,22043.0,367,0.486
Louisiana,Iberia,22045.0,2171,0.664
Louisiana,Iberville,22047.0,3699,0.696
Louisiana,Jackson,22049.0,827,0.659
Louisiana,Jeff Davis,22053.0,738,0.56
Louisiana,Jefferson,22051.0,17581,0.677
Louisiana,LaSalle,22059.0,136,0.302
Louisiana,Lafayette,22055.0,5920,0.597
Louisiana,Lafourche,22057.0,2512,0.505
Louisiana,Lincoln,22061.0,1692,0.753
Louisiana,Livingston,22063.0,1633,0.45399999999999996
Louisiana,Madison,22065.0,722,0.823
Louisiana,Morehouse,22067.0,1513,0.7879999999999999
Louisiana,Natchitoches,22069.0,2545,0.6809999999999999
Louisiana,Orleans,22071.0,40601,0.747
Louisiana,Ouachita,22073.0,8995,0.7859999999999999
Louisiana,Plaquemines,22075.0,674,0.716
Louisiana,Pointe Coupee,22077.0,1680,0.767
Louisiana,Rapides,22079.0,4722,0.713
Louisiana,Red River,22081.0,530,0.753
Louisiana,Richland,22083.0,696,0.7609999999999999
Louisiana,Sabine,22085.0,387,0.498
Louisiana,St. Bernard,22087.0,1057,0.623
Louisiana,St. Charles,22089.0,2245,0.6920000000000001
Louisiana,St. Helena,22091.0,1407,0.838
Louisiana,St. James,22093.0,2114,0.8220000000000001
Louisiana,St. John the Baptist,22095.0,3818,0.848
Louisiana,St. Landry,22097.0,4606,0.741
Louisiana,St. Martin,22099.0,1869,0.665
Louisiana,St. Mary,22101.0,1995,0.7290000000000001
Louisiana,St. Tammany,22103.0,5996,0.5720000000000001
Louisiana,Tangipahoa,22105.0,4267,0.657
Louisiana,Tensas,22107.0,492,0.828
Louisiana,Terrebonne,22109.0,2647,0.667
Louisiana,Union,22111.0,822,0.687
Louisiana,Vermilion,22113.0,1002,0.54
Louisiana,Vernon,22115.0,610,0.495
Louisiana,Washington,22117.0,1663,0.693
Louisiana,Webster,22119.0,1878,0.748
Louisiana,West Baton Rouge,22121.0,2178,0.7340000000000001
Louisiana,West Carroll,22123.0,171,0.49
Louisiana,West Feliciana,22125.0,902,0.8009999999999999
Louisiana,Winn,22127.0,488,0.635
Maine,Abbot,92300001.0,0,0.0
Maine,Acton,92300002.0,2,0.4
Maine,Addison,92300003.0,1,0.5
Maine,Albion,92300005.0,1,0.33299999999999996
Maine,Alexander,92300006.0,0,0.0
Maine,Alfred,92300007.0,3,0.375
Maine,Allagash,92300008.0,0,0.0
Maine,Alna,92300009.0,1,0.33299999999999996
Maine,Alton,92300010.0,1,0.5
Maine,Amherst,92300011.0,0,0.0
Maine,Amity,92300012.0,1,1.0
Maine,Andover,92300013.0,0,0.0
Maine,Anson,92300014.0,2,0.4
Maine,Appleton,92300015.0,1,0.25
Maine,Aroostook Cty Townships,92300528.0,0,0.0
Maine,Arrowsic,92300016.0,2,0.667
Maine,Arundel,92300017.0,3,0.3
Maine,Ashland,92300018.0,1,0.33299999999999996
Maine,Athens,92300019.0,0,0.0
Maine,Atkinson,92300020.0,1,1.0
Maine,Auburn,92300021.0,18,0.353
Maine,Augusta,92300022.0,19,0.38799999999999996
Maine,Aurora,92300023.0,0,0.0
Maine,Avon,92300024.0,1,1.0
Maine,Baileyville,92300025.0,1,0.33299999999999996
Maine,Baldwin,92300026.0,1,0.33299999999999996
Maine,Bancroft,92300027.0,0,0.0
Maine,Bangor,92300028.0,26,0.325
Maine,Bar Harbor,92300029.0,6,0.28600000000000003
Maine,Baring Plt.,92300030.0,0,0.0
Maine,Bath,92300031.0,9,0.321
Maine,Beals,92300032.0,0,0.0
Maine,Beaver Cove,92300033.0,1,1.0
Maine,Beddington,92300034.0,1,1.0
Maine,Belfast,92300035.0,7,0.292
Maine,Belgrade,92300036.0,4,0.444
Maine,Belmont,92300037.0,0,0.0
Maine,Benton,92300039.0,2,0.33299999999999996
Maine,Berwick,92300040.0,3,0.25
Maine,Bethel,92300041.0,2,0.25
Maine,Biddeford,92300042.0,17,0.354
Maine,Bingham,92300043.0,0,0.0
Maine,Blaine,92300044.0,0,0.0
Maine,Blue Hill,92300045.0,3,0.3
Maine,Boothbay,92300046.0,4,0.444
Maine,Boothbay Harbor,92300047.0,0,0.0
Maine,Bowdoin,92300048.0,2,0.33299999999999996
Maine,Bowdoinham,92300049.0,3,0.33299999999999996
Maine,Bowerbank,92300050.0,0,0.0
Maine,Bradford,92300051.0,1,0.5
Maine,Bradley,92300052.0,0,0.0
Maine,Bremen,92300053.0,0,0.0
Maine,Brewer,92300054.0,7,0.318
Maine,Bridgewater,92300055.0,0,0.0
Maine,Bridgton,92300056.0,0,0.0
Maine,Brighton Plt.,92300057.0,0,0.0
Maine,Bristol,92300058.0,3,0.33299999999999996
Maine,Brooklin,92300059.0,2,0.5
Maine,Brooks,92300060.0,0,0.0
Maine,Brooksville,92300061.0,2,0.5
Maine,Brownfield,92300063.0,0,0.0
Maine,Brownville,92300064.0,1,0.33299999999999996
Maine,Brunswick,92300065.0,34,0.436
Maine,Buckfield,92300066.0,0,0.0
Maine,Bucksport,92300067.0,4,0.364
Maine,Burlington,92300068.0,0,0.0
Maine,Burnham,92300069.0,1,0.5
Maine,Buxton,92300070.0,5,0.278
Maine,Byron,92300071.0,0,0.0
Maine,Calais,92300072.0,2,0.33299999999999996
Maine,Cambridge,92300073.0,0,0.0
Maine,Camden,92300074.0,8,0.348
Maine,Canaan,92300075.0,2,0.4
Maine,Canton,92300076.0,0,0.0
Maine,Cape Elizabeth,92300077.0,20,0.513
Maine,Caratunk,92300078.0,0,0.0
Maine,Caribou,92300079.0,9,0.5
Maine,Carmel,92300080.0,1,0.2
Maine,Carrabassett Valley,92300081.0,1,0.5
Maine,Carroll Plt.,92300082.0,0,0.0
Maine,Carthage,92300083.0,0,0.0
Maine,Cary Plt.,92300084.0,0,0.0
Maine,Casco,92300085.0,2,0.28600000000000003
Maine,Castine,92300086.0,1,0.33299999999999996
Maine,Castle Hill,92300087.0,0,0.0
Maine,Caswell,92300088.0,1,1.0
Maine,Chapman,92300090.0,0,0.0
Maine,Charleston,92300091.0,1,0.5
Maine,Charlotte,92300092.0,0,0.0
Maine,Chebeague Island,92300521.0,1,0.5
Maine,Chelsea,92300093.0,3,0.5
Maine,Cherryfield,92300094.0,1,0.33299999999999996
Maine,Chester,92300095.0,0,0.0
Maine,Chesterville,92300096.0,1,0.33299999999999996
Maine,China,92300097.0,4,0.4
Maine,Clifton,92300098.0,0,0.0
Maine,Clinton,92300099.0,3,0.429
Maine,Columbia,92300101.0,0,0.0
Maine,Columbia Falls,92300102.0,0,0.0
Maine,Cooper,92300104.0,0,0.0
Maine,Coplin Plt.,92300105.0,0,0.0
Maine,Corinna,92300106.0,2,0.5
Maine,Corinth,92300107.0,2,0.5
Maine,Cornish,92300108.0,1,0.33299999999999996
Maine,Cornville,92300109.0,1,0.33299999999999996
Maine,Cranberry Isles,92300110.0,0,0.0
Maine,Crawford,92300111.0,1,1.0
Maine,Crystal,92300112.0,0,0.0
Maine,Cumberland,92300113.0,12,0.444
Maine,Cushing,92300114.0,1,0.33299999999999996
Maine,Cutler,92300115.0,0,0.0
Maine,Cyr Plt.,92300116.0,0,0.0
Maine,Dallas Plt.,92300117.0,0,0.0
Maine,Damariscotta,92300118.0,3,0.375
Maine,Danforth,92300119.0,0,0.0
Maine,Dayton,92300120.0,1,0.25
Maine,Deblois,92300121.0,0,0.0
Maine,Dedham,92300122.0,1,0.25
Maine,Deer Isle,92300123.0,2,0.33299999999999996
Maine,Denmark,92300124.0,1,0.33299999999999996
Maine,Dennistown Plt.,92300125.0,0,0.0
Maine,Dennysville,92300126.0,0,0.0
Maine,Detroit,92300127.0,0,0.0
Maine,Dexter,92300128.0,2,0.28600000000000003
Maine,Dixfield,92300129.0,1,0.25
Maine,Dixmont,92300130.0,1,0.33299999999999996
Maine,Dover-Foxcroft,92300131.0,3,0.33299999999999996
Maine,Dresden,92300132.0,2,0.4
Maine,Drew Plt.,92300133.0,0,0.0
Maine,Durham,92300134.0,3,0.33299999999999996
Maine,Dyer Brook,92300135.0,0,0.0
Maine,Eagle Lake,92300136.0,2,0.667
Maine,East Machias,92300138.0,1,0.33299999999999996
Maine,East Millinocket,92300139.0,4,0.5710000000000001
Maine,Eastbrook,92300137.0,0,0.0
Maine,Easton,92300140.0,1,0.5
Maine,Eastport,92300141.0,2,0.4
Maine,Eddington,92300142.0,1,0.2
Maine,Edgecomb,92300143.0,1,0.25
Maine,Edinburg,92300144.0,1,1.0
Maine,Eliot,92300146.0,6,0.353
Maine,Ellsworth,92300147.0,7,0.368
Maine,Embden,92300148.0,0,0.0
Maine,Enfield,92300149.0,1,0.33299999999999996
Maine,Etna,92300150.0,0,0.0
Maine,Eustis,92300151.0,0,0.0
Maine,Exeter,92300152.0,0,0.0
Maine,Fairfield,92300153.0,6,0.4
Maine,Falmouth,92300154.0,19,0.475
Maine,Farmingdale,92300155.0,4,0.444
Maine,Farmington,92300156.0,3,0.158
Maine,Fayette,92300157.0,1,0.25
Maine,Fort Fairfield,92300158.0,4,0.5
Maine,Fort Kent,92300159.0,6,0.5
Maine,Frankfort,92300160.0,0,0.0
Maine,Franklin,92300161.0,1,0.33299999999999996
Maine,Franklin Cty Townships,92300529.0,0,0.0
Maine,Freedom,92300162.0,0,0.0
Maine,Freeport,92300163.0,12,0.364
Maine,Frenchboro,92300164.0,0,0.0
Maine,Frenchville,92300165.0,3,0.75
Maine,Friendship,92300166.0,1,0.33299999999999996
Maine,Frye Island,92300514.0,0,0.0
Maine,Fryeburg,92300167.0,2,0.28600000000000003
Maine,Gardiner,92300168.0,7,0.43799999999999994
Maine,Garfield Plt.,92300169.0,0,0.0
Maine,Garland,92300170.0,0,0.0
Maine,Georgetown,92300171.0,2,0.5
Maine,Gilead,92300172.0,0,0.0
Maine,Glenburn,92300173.0,3,0.33299999999999996
Maine,Glenwood Plt.,92300174.0,0,0.0
Maine,Gorham,92300175.0,13,0.31
Maine,Gouldsboro,92300176.0,1,0.25
Maine,Grand Isle,92300177.0,1,0.5
Maine,Grand Lake Stream Plt,92300178.0,0,0.0
Maine,Gray,92300179.0,6,0.316
Maine,Great Pond,92300180.0,0,0.0
Maine,Greenbush,92300181.0,0,0.0
Maine,Greene,92300182.0,2,0.28600000000000003
Maine,Greenville,92300183.0,2,0.5
Maine,Greenwood,92300184.0,1,0.5
Maine,Guilford,92300186.0,1,0.33299999999999996
Maine,Hallowell,92300187.0,5,0.41700000000000004
Maine,Hamlin,92300188.0,0,0.0
Maine,Hammond,92300189.0,0,0.0
Maine,Hampden,92300190.0,7,0.389
Maine,Hancock,92300191.0,2,0.4
Maine,Hanover,92300192.0,0,0.0
Maine,Harmony,92300193.0,1,0.5
Maine,Harpswell,92300194.0,8,0.42100000000000004
Maine,Harrington,92300195.0,1,0.5
Maine,Harrison,92300196.0,2,0.33299999999999996
Maine,Hartford,92300197.0,1,0.5
Maine,Hartland,92300198.0,2,0.667
Maine,Haynesville,92300199.0,0,0.0
Maine,Hebron,92300200.0,1,0.33299999999999996
Maine,Hermon,92300201.0,3,0.273
Maine,Hersey,92300202.0,0,0.0
Maine,Highland Plt.,92300203.0,0,0.0
Maine,Hiram,92300204.0,1,0.33299999999999996
Maine,Hodgdon,92300205.0,0,0.0
Maine,Holden,92300206.0,2,0.25
Maine,Hollis,92300207.0,3,0.3
Maine,Hope,92300208.0,1,0.2
Maine,Houlton,92300209.0,4,0.364
Maine,Howland,92300210.0,2,0.667
Maine,Hudson,92300211.0,1,0.5
Maine,Indian Township Vtng Dst,92300214.0,0,0.0
Maine,Industry,92300215.0,0,0.0
Maine,Island Falls,92300216.0,0,0.0
Maine,Isle Au Haut,92300217.0,0,0.0
Maine,Islesboro,92300218.0,1,0.33299999999999996
Maine,Jackman,92300219.0,0,0.0
Maine,Jackson,92300220.0,0,0.0
Maine,Jay,92300221.0,6,0.5
Maine,Jefferson,92300222.0,3,0.5
Maine,Jonesboro,92300223.0,0,0.0
Maine,Jonesport,92300224.0,1,0.33299999999999996
Maine,Kenduskeag,92300225.0,1,0.5
Maine,Kennebunk,92300226.0,15,0.405
Maine,Kennebunkport,92300227.0,5,0.41700000000000004
Maine,Kingfield,92300228.0,1,0.33299999999999996
Maine,Kingsbury Plt.,92300230.0,0,0.0
Maine,Kittery,92300231.0,0,0.0
Maine,Knox,92300232.0,0,0.0
Maine,LaGrange,92300233.0,1,0.5
Maine,Lake View Plt.,92300234.0,0,0.0
Maine,Lakeville,92300235.0,1,1.0
Maine,Lamoine,92300236.0,2,0.4
Maine,Lebanon,92300237.0,3,0.375
Maine,Lee,92300238.0,0,0.0
Maine,Leeds,92300239.0,1,0.25
Maine,Levant,92300240.0,1,0.25
Maine,Lewiston,92300241.0,28,0.384
Maine,Liberty,92300242.0,1,0.33299999999999996
Maine,Limerick,92300243.0,1,0.16699999999999998
Maine,Limestone,92300244.0,1,0.25
Maine,Limington,92300245.0,2,0.28600000000000003
Maine,Lincoln,92300246.0,4,0.444
Maine,Lincoln Plt.,92300247.0,0,0.0
Maine,Lincolnville,92300248.0,2,0.25
Maine,Linneus,92300249.0,0,0.0
Maine,Lisbon,92300250.0,5,0.294
Maine,Litchfield,92300251.0,3,0.375
Maine,Littleton,92300252.0,1,0.5
Maine,Livermore,92300253.0,2,0.4
Maine,Livermore Falls,92300254.0,2,0.33299999999999996
Maine,Long Island,92300255.0,0,0.0
Maine,Lovell,92300256.0,1,0.33299999999999996
Maine,Lowell,92300257.0,0,0.0
Maine,Lubec,92300258.0,2,0.4
Maine,Ludlow,92300259.0,0,0.0
Maine,Lyman,92300260.0,1,0.111
Maine,Machias,92300261.0,1,0.25
Maine,Machiasport,92300262.0,1,0.5
Maine,Macwahoc Plt.,92300263.0,0,0.0
Maine,Madawaska,92300264.0,8,0.5329999999999999
Maine,Madison,92300266.0,5,0.455
Maine,Magalloway Plt.,92300268.0,0,0.0
Maine,Manchester,92300269.0,4,0.5
Maine,Mapleton,92300270.0,2,0.5
Maine,Mariaville,92300271.0,0,0.0
Maine,Mars Hill,92300273.0,1,0.5
Maine,Marshfield,92300272.0,0,0.0
Maine,Masardis,92300274.0,1,1.0
Maine,Matinicus Isle Plt.,92300276.0,0,0.0
Maine,Mattawamkeag,92300277.0,0,0.0
Maine,Maxfield,92300278.0,0,0.0
Maine,Mechanic Falls,92300279.0,2,0.33299999999999996
Maine,Meddybemps,92300280.0,0,0.0
Maine,Medford,92300281.0,0,0.0
Maine,Medway,92300282.0,1,0.25
Maine,Mercer,92300283.0,1,0.5
Maine,Merrill,92300284.0,0,0.0
Maine,Mexico,92300285.0,1,0.16699999999999998
Maine,Milbridge,92300286.0,1,0.33299999999999996
Maine,Milford,92300287.0,3,0.375
Maine,Millinocket,92300288.0,8,0.5710000000000001
Maine,Milo,92300289.0,2,0.4
Maine,Minot,92300291.0,2,0.4
Maine,Monhegan Plt.,92300292.0,0,0.0
Maine,Monmouth,92300293.0,4,0.444
Maine,Monroe,92300294.0,0,0.0
Maine,Monson,92300295.0,1,0.5
Maine,Monticello,92300296.0,1,0.5
Maine,Montville,92300297.0,0,0.0
Maine,Moose River,92300298.0,0,0.0
Maine,Moro Plt.,92300299.0,0,0.0
Maine,Morrill,92300300.0,1,0.5
Maine,Moscow,92300301.0,1,1.0
Maine,Mount Chase,92300302.0,0,0.0
Maine,Mount Desert,92300303.0,3,0.33299999999999996
Maine,Mount Vernon,92300304.0,2,0.4
Maine,Naples,92300305.0,3,0.375
Maine,New Canada,92300308.0,1,1.0
Maine,New Gloucester,92300311.0,4,0.308
Maine,New Limerick,92300312.0,0,0.0
Maine,New Portland,92300314.0,1,0.5
Maine,New Sharon,92300316.0,1,0.25
Maine,New Sweden,92300317.0,1,0.5
Maine,New Vineyard,92300318.0,0,0.0
Maine,Newburgh,92300307.0,2,0.5
Maine,Newcastle,92300309.0,2,0.28600000000000003
Maine,Newfield,92300310.0,1,0.33299999999999996
Maine,Newport,92300313.0,3,0.5
Maine,Newry,92300315.0,0,0.0
Maine,Nobleboro,92300319.0,1,0.2
Maine,Norridgewock,92300320.0,3,0.429
Maine,North Berwick,92300321.0,3,0.273
Maine,North Haven,92300323.0,1,0.5
Maine,North Yarmouth,92300325.0,5,0.385
Maine,Northfield,92300322.0,1,1.0
Maine,Northport,92300324.0,2,0.4
Maine,Norway,92300326.0,3,0.273
Maine,Oakfield,92300327.0,1,0.5
Maine,Oakland,92300328.0,8,0.5329999999999999
Maine,Ogunquit,92300329.0,3,0.6
Maine,Old Orchrd Bch,92300330.0,12,0.429
Maine,Old Town,92300331.0,6,0.28600000000000003
Maine,Orient,92300332.0,0,0.0
Maine,Orland,92300333.0,2,0.33299999999999996
Maine,Orono,92300335.0,9,0.31
Maine,Orrington,92300336.0,3,0.375
Maine,Osborn,92300337.0,0,0.0
Maine,Otis,92300338.0,1,1.0
Maine,Otisfield,92300339.0,1,0.25
Maine,Owl's Head,92300340.0,2,0.4
Maine,Oxbow Plt.,92300341.0,0,0.0
Maine,Oxford,92300342.0,2,0.33299999999999996
Maine,Oxford Cty Townships,92300531.0,0,0.0
Maine,Palermo,92300343.0,1,0.33299999999999996
Maine,Palmyra,92300344.0,1,0.33299999999999996
Maine,Paris,92300345.0,3,0.3
Maine,Parkman,92300346.0,0,0.0
Maine,Parsonsfield,92300347.0,1,0.25
Maine,Passadumkeag,92300348.0,0,0.0
Maine,Patten,92300349.0,1,0.5
Maine,Pembroke,92300350.0,0,0.0
Maine,Penobscot,92300351.0,1,0.2
Maine,Penobscot Cty Townships,92300532.0,0,0.0
Maine,Penobscot Nation Vot Dst,92300212.0,1,0.5
Maine,Perham,92300352.0,0,0.0
Maine,Perry,92300354.0,0,0.0
Maine,Peru,92300355.0,1,0.33299999999999996
Maine,Phillips,92300356.0,1,0.33299999999999996
Maine,Phippsburg,92300357.0,3,0.5
Maine,Piscataquis Cty Townshps,92300533.0,0,0.0
Maine,Pittsfield,92300358.0,3,0.375
Maine,Pittston,92300359.0,2,0.28600000000000003
Maine,Pleasant Point Votng Dst,92300360.0,0,0.0
Maine,Pleasant Ridge Plt.,92300361.0,0,0.0
Maine,Plymouth,92300362.0,1,0.5
Maine,Poland,92300363.0,4,0.33299999999999996
Maine,Portage Lake,92300364.0,1,1.0
Maine,Porter,92300365.0,1,0.33299999999999996
Maine,Portland,92300366.0,86,0.312
Maine,Pownal,92300367.0,2,0.33299999999999996
Maine,Presque Isle,92300368.0,8,0.42100000000000004
Maine,Princeton,92300369.0,1,0.5
Maine,Prospect,92300370.0,1,0.5
Maine,Randolph,92300371.0,3,0.6
Maine,Rangeley,92300372.0,0,0.0
Maine,Rangeley Plt.,92300373.0,0,0.0
Maine,Raymond,92300374.0,4,0.33299999999999996
Maine,Readfield,92300375.0,3,0.33299999999999996
Maine,Reed Plt.,92300376.0,0,0.0
Maine,Richmond,92300377.0,2,0.25
Maine,Ripley,92300378.0,0,0.0
Maine,Robbinston,92300379.0,0,0.0
Maine,Rockland,92300380.0,6,0.316
Maine,Rockport,92300381.0,4,0.33299999999999996
Maine,Rome,92300383.0,1,0.33299999999999996
Maine,Roque Bluffs,92300384.0,1,1.0
Maine,Roxbury,92300385.0,0,0.0
Maine,Rumford,92300386.0,3,0.25
Maine,Sabattus,92300387.0,2,0.25
Maine,Saco,92300388.0,19,0.373
Maine,Saint Agatha,92300389.0,2,0.5
Maine,Sandy River Plt.,92300394.0,0,0.0
Maine,Sanford,92300395.0,13,0.325
Maine,Sangerville,92300396.0,1,0.33299999999999996
Maine,Scarborough,92300397.0,27,0.466
Maine,Searsmont,92300398.0,2,0.5
Maine,Searsport,92300399.0,2,0.28600000000000003
Maine,Sebago,92300400.0,1,0.25
Maine,Sebec,92300401.0,0,0.0
Maine,Seboeis Plt.,92300402.0,0,0.0
Maine,Sedgwick,92300403.0,1,0.25
Maine,Shapleigh,92300404.0,1,0.2
Maine,Sherman,92300405.0,1,0.5
Maine,Shirley,92300406.0,0,0.0
Maine,Sidney,92300407.0,4,0.4
Maine,Skowhegan,92300409.0,8,0.381
Maine,Smithfield,92300410.0,1,0.33299999999999996
Maine,Smyrna,92300411.0,0,0.0
Maine,Solon,92300412.0,1,0.33299999999999996
Maine,Somerset Cty Townships,92300534.0,0,0.0
Maine,Somerville,92300413.0,0,0.0
Maine,Sorrento,92300414.0,0,0.0
Maine,South Berwick,92300415.0,5,0.263
Maine,South Bristol,92300416.0,1,0.33299999999999996
Maine,South Portland,92300418.0,33,0.344
Maine,South Thomaston,92300419.0,2,0.5
Maine,Southport,92300417.0,1,0.5
Maine,Southwest Harbor,92300420.0,2,0.33299999999999996
Maine,Springfield,92300421.0,1,1.0
Maine,St. Albans,92300390.0,2,0.5
Maine,St. Francis,92300391.0,0,0.0
Maine,St. George,92300392.0,3,0.33299999999999996
Maine,St. John Plt.,92300393.0,0,0.0
Maine,Stacyville,92300422.0,0,0.0
Maine,Standish,92300423.0,6,0.3
Maine,Starks,92300424.0,0,0.0
Maine,Stetson,92300425.0,1,0.5
Maine,Steuben,92300426.0,1,0.5
Maine,Stockholm,92300427.0,0,0.0
Maine,Stockton Springs,92300428.0,1,0.2
Maine,Stoneham,92300429.0,0,0.0
Maine,Stonington,92300430.0,1,0.33299999999999996
Maine,Stow,92300431.0,0,0.0
Maine,Strong,92300432.0,1,0.5
Maine,Sullivan,92300433.0,1,0.33299999999999996
Maine,Sumner,92300434.0,0,0.0
Maine,Surry,92300435.0,2,0.4
Maine,Swan's Island,92300436.0,0,0.0
Maine,Swanville,92300437.0,0,0.0
Maine,Sweden,92300438.0,1,1.0
Maine,Talmadge,92300441.0,0,0.0
Maine,Temple,92300442.0,0,0.0
Maine,The Forks Plt.,92300443.0,0,0.0
Maine,Thomaston,92300444.0,2,0.28600000000000003
Maine,Thorndike,92300445.0,0,0.0
Maine,Topsfield,92300446.0,0,0.0
Maine,Topsham,92300447.0,13,0.433
Maine,Tremont,92300450.0,2,0.4
Maine,Trenton,92300451.0,1,0.33299999999999996
Maine,Troy,92300452.0,1,0.5
Maine,Turner,92300453.0,4,0.4
Maine,Union,92300454.0,2,0.33299999999999996
Maine,Unity,92300455.0,1,0.25
Maine,Upton,92300456.0,0,0.0
Maine,Van Buren,92300457.0,5,0.833
Maine,Vanceboro,92300458.0,0,0.0
Maine,Vassalboro,92300459.0,4,0.4
Maine,Veazie,92300460.0,2,0.33299999999999996
Maine,Verona,92300461.0,0,0.0
Maine,Vienna,92300462.0,0,0.0
Maine,Vinalhaven,92300463.0,1,0.25
Maine,Wade,92300464.0,1,1.0
Maine,Waite,92300465.0,0,0.0
Maine,Waldo,92300466.0,0,0.0
Maine,Waldoboro,92300467.0,4,0.364
Maine,Wales,92300468.0,1,0.5
Maine,Wallagrass,92300469.0,1,0.5
Maine,Waltham,92300470.0,0,0.0
Maine,Warren,92300471.0,1,0.16699999999999998
Maine,Washburn,92300472.0,1,0.25
Maine,Washington,92300473.0,1,0.33299999999999996
Maine,Washington Cty Townships,92300535.0,0,0.0
Maine,Waterboro,92300474.0,3,0.231
Maine,Waterford,92300475.0,2,0.5
Maine,Waterville,92300476.0,17,0.415
Maine,Wayne,92300477.0,2,0.5
Maine,Webster Plt.,92300478.0,0,0.0
Maine,Weld,92300479.0,0,0.0
Maine,Wellington,92300480.0,1,1.0
Maine,Wells,92300481.0,11,0.40700000000000003
Maine,Wesley,92300482.0,0,0.0
Maine,West Bath,92300483.0,1,0.16699999999999998
Maine,West Forks Plt.,92300486.0,0,0.0
Maine,West Gardiner,92300487.0,3,0.33299999999999996
Maine,West Paris,92300490.0,2,0.5
Maine,Westbrook,92300484.0,15,0.294
Maine,Westfield,92300485.0,0,0.0
Maine,Westmanland,92300488.0,1,1.0
Maine,Weston,92300489.0,0,0.0
Maine,Westport,92300491.0,0,0.0
Maine,Whitefield,92300492.0,1,0.16699999999999998
Maine,Whiting,92300493.0,1,0.5
Maine,Whitneyville,92300494.0,0,0.0
Maine,Willimantic,92300495.0,0,0.0
Maine,Wilton,92300496.0,2,0.222
Maine,Windham,92300497.0,12,0.316
Maine,Windsor,92300498.0,1,0.2
Maine,Winn,92300499.0,0,0.0
Maine,Winslow,92300500.0,9,0.45
Maine,Winter Harbor,92300501.0,0,0.0
Maine,Winterport,92300502.0,3,0.375
Maine,Winterville Plt.,92300503.0,0,0.0
Maine,Winthrop,92300504.0,6,0.33299999999999996
Maine,Wiscasset,92300505.0,2,0.25
Maine,Woodland,92300506.0,1,0.33299999999999996
Maine,Woodstock,92300507.0,1,0.33299999999999996
Maine,Woodville,92300508.0,0,0.0
Maine,Woolwich,92300509.0,3,0.33299999999999996
Maine,Yarmouth,92300510.0,18,0.545
Maine,York,92300511.0,17,0.405
Maryland,Allegany,24001.0,2311,0.418
Maryland,Anne Arundel,24003.0,35659,0.568
Maryland,Baltimore,24005.0,73099,0.578
Maryland,Baltimore City,24510.0,81115,0.654
Maryland,Calvert,24009.0,5168,0.575
Maryland,Caroline,24011.0,1125,0.514
Maryland,Carroll,24013.0,6516,0.46299999999999997
Maryland,Cecil,24015.0,3367,0.45399999999999996
Maryland,Charles,24017.0,15132,0.6829999999999999
Maryland,Dorchester,24019.0,1800,0.602
Maryland,Frederick,24021.0,13466,0.518
Maryland,Garrett,24023.0,760,0.408
Maryland,Harford,24025.0,13460,0.518
Maryland,Howard,24027.0,30873,0.603
Maryland,Kent,24029.0,1460,0.551
Maryland,Montgomery,24031.0,109304,0.67
Maryland,Prince George's,24033.0,113912,0.742
Maryland,Queen Anne's,24035.0,2342,0.536
Maryland,Somerset,24039.0,1136,0.626
Maryland,St. Mary's,24037.0,4551,0.527
Maryland,Talbot,24041.0,2577,0.611
Maryland,Washington,24043.0,5851,0.493
Maryland,Wicomico,24045.0,5258,0.588
Maryland,Worcester,24047.0,3005,0.5579999999999999
Massachusetts,Abington,92500001.0,1129,0.446
Massachusetts,Acton,92500002.0,2884,0.528
Massachusetts,Acushnet,92500003.0,783,0.502
Massachusetts,Adams,92500004.0,702,0.47100000000000003
Massachusetts,Agawam,92500005.0,1695,0.455
Massachusetts,Alford,92500006.0,84,0.5870000000000001
Massachusetts,Amesbury,92500007.0,1336,0.396
Massachusetts,Amherst,92500008.0,2663,0.33299999999999996
Massachusetts,Andover,92500009.0,3327,0.531
Massachusetts,Aquinnah,92500104.0,61,0.418
Massachusetts,Arlington,92500010.0,7885,0.539
Massachusetts,Ashburnham,92500011.0,359,0.335
Massachusetts,Ashby,92500012.0,188,0.319
Massachusetts,Ashfield,92500013.0,204,0.303
Massachusetts,Ashland,92500014.0,1664,0.539
Massachusetts,Athol,92500015.0,451,0.321
Massachusetts,Attleboro,92500016.0,2414,0.446
Massachusetts,Auburn,92500017.0,1297,0.46399999999999997
Massachusetts,Avon,92500018.0,400,0.48700000000000004
Massachusetts,Ayer,92500019.0,502,0.379
Massachusetts,Barnstable,92500020.0,3693,0.474
Massachusetts,Barre,92500021.0,258,0.31
Massachusetts,Becket,92500022.0,123,0.37799999999999995
Massachusetts,Bedford,92500023.0,1675,0.5479999999999999
Massachusetts,Belchertown,92500024.0,1001,0.35100000000000003
Massachusetts,Bellingham,92500025.0,969,0.42700000000000005
Massachusetts,Belmont,92500026.0,4031,0.5670000000000001
Massachusetts,Berkley,92500027.0,330,0.414
Massachusetts,Berlin,92500028.0,276,0.4
Massachusetts,Bernardston,92500029.0,143,0.275
Massachusetts,Beverly,92500030.0,3681,0.441
Massachusetts,Billerica,92500031.0,2871,0.423
Massachusetts,Blackstone,92500032.0,488,0.429
Massachusetts,Blandford,92500033.0,65,0.332
Massachusetts,Bolton,92500034.0,528,0.47600000000000003
Massachusetts,Boston,92500035.0,71422,0.575
Massachusetts,Bourne,92500036.0,1427,0.462
Massachusetts,Boxborough,92500037.0,636,0.508
Massachusetts,Boxford,92500038.0,657,0.46399999999999997
Massachusetts,Boylston,92500039.0,375,0.44299999999999995
Massachusetts,Braintree,92500040.0,3382,0.461
Massachusetts,Brewster,92500041.0,1143,0.46799999999999997
Massachusetts,Bridgewater,92500042.0,1426,0.415
Massachusetts,Brimfield,92500043.0,209,0.435
Massachusetts,Brockton,92500044.0,8054,0.633
Massachusetts,Brookfield,92500045.0,177,0.355
Massachusetts,Brookline,92500046.0,8524,0.616
Massachusetts,Buckland,92500047.0,132,0.258
Massachusetts,Burlington,92500048.0,2324,0.514
Massachusetts,Cambridge,92500049.0,15619,0.5329999999999999
Massachusetts,Canton,92500050.0,2389,0.5429999999999999
Massachusetts,Carlisle,92500051.0,835,0.561
Massachusetts,Carver,92500052.0,673,0.42100000000000004
Massachusetts,Charlemont,92500053.0,89,0.29100000000000004
Massachusetts,Charlton,92500054.0,607,0.368
Massachusetts,Chatham,92500055.0,669,0.5
Massachusetts,Chelmsford,92500056.0,3021,0.44299999999999995
Massachusetts,Chelsea,92500057.0,2268,0.59
Massachusetts,Cheshire,92500058.0,257,0.44
Massachusetts,Chester,92500059.0,64,0.386
Massachusetts,Chesterfield,92500060.0,90,0.28600000000000003
Massachusetts,Chicopee,92500061.0,3741,0.48100000000000004
Massachusetts,Chilmark,92500062.0,162,0.424
Massachusetts,Clarksburg,92500063.0,125,0.465
Massachusetts,Clinton,92500064.0,1009,0.444
Massachusetts,Cohasset,92500065.0,849,0.562
Massachusetts,Colrain,92500066.0,93,0.226
Massachusetts,Concord,92500067.0,3305,0.618
Massachusetts,Conway,92500068.0,224,0.318
Massachusetts,Cummington,92500069.0,75,0.258
Massachusetts,Dalton,92500070.0,597,0.47100000000000003
Massachusetts,Danvers,92500071.0,2167,0.46
Massachusetts,Dartmouth,92500072.0,2537,0.501
Massachusetts,Dedham,92500073.0,2830,0.514
Massachusetts,Deerfield,92500074.0,535,0.35
Massachusetts,Dennis,92500075.0,1558,0.511
Massachusetts,Dighton,92500076.0,383,0.42200000000000004
Massachusetts,Douglas,92500077.0,358,0.371
Massachusetts,Dover,92500078.0,657,0.621
Massachusetts,Dracut,92500079.0,2029,0.41200000000000003
Massachusetts,Dudley,92500080.0,553,0.43700000000000006
Massachusetts,Dunstable,92500081.0,276,0.42100000000000004
Massachusetts,Duxbury,92500082.0,1487,0.545
Massachusetts,East Bridgewater,92500083.0,852,0.43200000000000005
Massachusetts,East Brookfield,92500084.0,106,0.342
Massachusetts,East Longmeadow,92500087.0,1086,0.493
Massachusetts,Eastham,92500085.0,652,0.466
Massachusetts,Easthampton,92500086.0,1447,0.33799999999999997
Massachusetts,Easton,92500088.0,1739,0.48
Massachusetts,Edgartown,92500089.0,473,0.461
Massachusetts,Egremont,92500090.0,188,0.467
Massachusetts,Erving,92500091.0,90,0.285
Massachusetts,Essex,92500092.0,354,0.45
Massachusetts,Everett,92500093.0,2891,0.556
Massachusetts,Fairhaven,92500094.0,1230,0.43700000000000006
Massachusetts,Fall River,92500095.0,5878,0.565
Massachusetts,Falmouth,92500096.0,3679,0.502
Massachusetts,Fitchburg,92500097.0,2325,0.457
Massachusetts,Florida,92500098.0,49,0.345
Massachusetts,Foxborough,92500099.0,1347,0.466
Massachusetts,Framingham,92500100.0,6965,0.568
Massachusetts,Franklin,92500101.0,2606,0.489
Massachusetts,Freetown,92500102.0,564,0.442
Massachusetts,Gardner,92500103.0,1229,0.419
Massachusetts,Georgetown,92500105.0,625,0.45399999999999996
Massachusetts,Gill,92500106.0,144,0.301
Massachusetts,Gloucester,92500107.0,2669,0.41700000000000004
Massachusetts,Goshen,92500108.0,81,0.314
Massachusetts,Gosnold,92500109.0,5,0.35700000000000004
Massachusetts,Grafton,92500110.0,1214,0.429
Massachusetts,Granby,92500111.0,488,0.36700000000000005
Massachusetts,Granville,92500112.0,87,0.38799999999999996
Massachusetts,Great Barrington,92500113.0,777,0.42700000000000005
Massachusetts,Greenfield,92500114.0,1142,0.275
Massachusetts,Groton,92500115.0,1013,0.43700000000000006
Massachusetts,Groveland,92500116.0,459,0.387
Massachusetts,Hadley,92500117.0,573,0.377
Massachusetts,Halifax,92500118.0,486,0.39399999999999996
Massachusetts,Hamilton,92500119.0,693,0.451
Massachusetts,Hampden,92500120.0,319,0.44799999999999995
Massachusetts,Hancock,92500121.0,51,0.48100000000000004
Massachusetts,Hanover,92500122.0,1138,0.469
Massachusetts,Hanson,92500123.0,692,0.405
Massachusetts,Hardwick,92500124.0,164,0.364
Massachusetts,Harvard,92500125.0,820,0.509
Massachusetts,Harwich,92500126.0,1236,0.461
Massachusetts,Hatfield,92500127.0,377,0.39299999999999996
Massachusetts,Haverhill,92500128.0,4369,0.43799999999999994
Massachusetts,Hawley,92500129.0,24,0.312
Massachusetts,Heath,92500130.0,44,0.243
Massachusetts,Hingham,92500131.0,2720,0.595
Massachusetts,Hinsdale,92500132.0,184,0.442
Massachusetts,Holbrook,92500133.0,914,0.495
Massachusetts,Holden,92500134.0,1491,0.433
Massachusetts,Holland,92500135.0,105,0.348
Massachusetts,Holliston,92500136.0,1500,0.48200000000000004
Massachusetts,Holyoke,92500137.0,3158,0.496
Massachusetts,Hopedale,92500138.0,480,0.445
Massachusetts,Hopkinton,92500139.0,1435,0.53
Massachusetts,Hubbardston,92500140.0,263,0.361
Massachusetts,Hudson,92500141.0,1763,0.484
Massachusetts,Hull,92500142.0,1166,0.48100000000000004
Massachusetts,Huntington,92500143.0,117,0.315
Massachusetts,Ipswich,92500144.0,1365,0.436
Massachusetts,Kingston,92500145.0,921,0.434
Massachusetts,Lakeville,92500146.0,602,0.415
Massachusetts,Lancaster,92500147.0,513,0.433
Massachusetts,Lanesborough,92500148.0,245,0.405
Massachusetts,Lawrence,92500149.0,6495,0.71
Massachusetts,Lee,92500150.0,515,0.461
Massachusetts,Leicester,92500151.0,723,0.418
Massachusetts,Lenox,92500152.0,735,0.531
Massachusetts,Leominster,92500153.0,2506,0.45899999999999996
Massachusetts,Leverett,92500154.0,269,0.33799999999999997
Massachusetts,Lexington,92500155.0,5809,0.633
Massachusetts,Leyden,92500156.0,74,0.28800000000000003
Massachusetts,Lincoln,92500157.0,1136,0.599
Massachusetts,Littleton,92500158.0,1017,0.456
Massachusetts,Longmeadow,92500159.0,1680,0.562
Massachusetts,Lowell,92500160.0,7412,0.512
Massachusetts,Ludlow,92500161.0,1442,0.469
Massachusetts,Lunenburg,92500162.0,752,0.406
Massachusetts,Lynn,92500163.0,6068,0.514
Massachusetts,Lynnfield,92500164.0,991,0.528
Massachusetts,Malden,92500165.0,4549,0.502
Massachusetts,Manchester,92500166.0,641,0.511
Massachusetts,Mansfield,92500167.0,1688,0.456
Massachusetts,Marblehead,92500168.0,2701,0.5529999999999999
Massachusetts,Marion,92500169.0,530,0.507
Massachusetts,Marlborough,92500170.0,3026,0.491
Massachusetts,Marshfield,92500171.0,2093,0.465
Massachusetts,Mashpee,92500172.0,1252,0.507
Massachusetts,Mattapoisett,92500173.0,628,0.467
Massachusetts,Maynard,92500174.0,1260,0.451
Massachusetts,Medfield,92500175.0,1255,0.518
Massachusetts,Medford,92500176.0,6771,0.498
Massachusetts,Medway,92500177.0,1088,0.47
Massachusetts,Melrose,92500178.0,3642,0.521
Massachusetts,Mendon,92500179.0,399,0.44799999999999995
Massachusetts,Merrimac,92500180.0,473,0.374
Massachusetts,Methuen,92500181.0,3408,0.488
Massachusetts,Middleborough,92500182.0,1319,0.41600000000000004
Massachusetts,Middlefield,92500183.0,56,0.424
Massachusetts,Middleton,92500184.0,656,0.493
Massachusetts,Milford,92500185.0,2118,0.495
Massachusetts,Millbury,92500186.0,856,0.446
Massachusetts,Millis,92500187.0,820,0.48
Massachusetts,Millville,92500188.0,123,0.34
Massachusetts,Milton,92500189.0,3871,0.539
Massachusetts,Monroe,92500190.0,5,0.313
Massachusetts,Monson,92500191.0,462,0.34600000000000003
Massachusetts,Montague,92500192.0,650,0.28300000000000003
Massachusetts,Monterey,92500193.0,115,0.43200000000000005
Massachusetts,Montgomery,92500194.0,58,0.377
Massachusetts,Mount Washington,92500195.0,17,0.327
Massachusetts,Nahant,92500196.0,498,0.508
Massachusetts,Nantucket,92500197.0,979,0.478
Massachusetts,Natick,92500198.0,4586,0.552
Massachusetts,Needham,92500199.0,4954,0.647
Massachusetts,New Ashford,92500200.0,25,0.424
Massachusetts,New Bedford,92500201.0,6680,0.541
Massachusetts,New Braintree,92500202.0,56,0.337
Massachusetts,New Marlborough,92500205.0,178,0.5
Massachusetts,New Salem,92500206.0,73,0.273
Massachusetts,Newbury,92500203.0,705,0.44799999999999995
Massachusetts,Newburyport,92500204.0,2251,0.48700000000000004
Massachusetts,Newton,92500207.0,14640,0.63
Massachusetts,Norfolk,92500208.0,760,0.439
Massachusetts,North Adams,92500209.0,953,0.41200000000000003
Massachusetts,North Andover,92500211.0,2314,0.508
Massachusetts,North Attleborough,92500212.0,1637,0.435
Massachusetts,North Brookfield,92500215.0,209,0.302
Massachusetts,North Reading,92500217.0,1185,0.46399999999999997
Massachusetts,Northampton,92500210.0,3864,0.37200000000000005
Massachusetts,Northborough,92500213.0,1384,0.46299999999999997
Massachusetts,Northbridge,92500214.0,802,0.423
Massachusetts,Northfield,92500216.0,187,0.253
Massachusetts,Norton,92500218.0,1186,0.452
Massachusetts,Norwell,92500219.0,908,0.484
Massachusetts,Norwood,92500220.0,2868,0.498
Massachusetts,Oak Bluffs,92500221.0,582,0.474
Massachusetts,Oakham,92500222.0,101,0.306
Massachusetts,Orange,92500223.0,357,0.321
Massachusetts,Orleans,92500224.0,771,0.47100000000000003
Massachusetts,Otis,92500225.0,113,0.40399999999999997
Massachusetts,Oxford,92500226.0,726,0.42200000000000004
Massachusetts,Palmer,92500227.0,684,0.413
Massachusetts,Paxton,92500228.0,341,0.447
Massachusetts,Peabody,92500229.0,4986,0.512
Massachusetts,Pelham,92500230.0,223,0.386
Massachusetts,Pembroke,92500231.0,1250,0.413
Massachusetts,Pepperell,92500232.0,810,0.40299999999999997
Massachusetts,Peru,92500233.0,62,0.44
Massachusetts,Petersham,92500234.0,104,0.299
Massachusetts,Phillipston,92500235.0,97,0.34
Massachusetts,Pittsfield,92500236.0,4204,0.51
Massachusetts,Plainfield,92500237.0,66,0.301
Massachusetts,Plainville,92500238.0,535,0.455
Massachusetts,Plymouth,92500239.0,4355,0.461
Massachusetts,Plympton,92500240.0,183,0.35200000000000004
Massachusetts,Princeton,92500241.0,324,0.41200000000000003
Massachusetts,Provincetown,92500242.0,887,0.644
Massachusetts,Quincy,92500243.0,7770,0.47600000000000003
Massachusetts,Randolph,92500244.0,3727,0.622
Massachusetts,Raynham,92500245.0,837,0.47600000000000003
Massachusetts,Reading,92500246.0,2707,0.508
Massachusetts,Rehoboth,92500247.0,549,0.408
Massachusetts,Revere,92500248.0,3690,0.535
Massachusetts,Richmond,92500249.0,0,0.0
Massachusetts,Rochester,92500250.0,325,0.387
Massachusetts,Rockland,92500251.0,1266,0.43700000000000006
Massachusetts,Rockport,92500252.0,995,0.465
Massachusetts,Rowe,92500253.0,36,0.35600000000000004
Massachusetts,Rowley,92500254.0,470,0.413
Massachusetts,Royalston,92500255.0,73,0.315
Massachusetts,Russell,92500256.0,64,0.408
Massachusetts,Rutland,92500257.0,517,0.38299999999999995
Massachusetts,Salem,92500258.0,3895,0.426
Massachusetts,Salisbury,92500259.0,627,0.436
Massachusetts,Sandisfield,92500260.0,90,0.47100000000000003
Massachusetts,Sandwich,92500261.0,1819,0.462
Massachusetts,Saugus,92500262.0,2112,0.486
Massachusetts,Savoy,92500263.0,45,0.429
Massachusetts,Scituate,92500264.0,1897,0.488
Massachusetts,Seekonk,92500265.0,720,0.449
Massachusetts,Sharon,92500266.0,2396,0.537
Massachusetts,Sheffield,92500267.0,304,0.47
Massachusetts,Shelburne,92500268.0,164,0.262
Massachusetts,Sherborn,92500269.0,626,0.586
Massachusetts,Shirley,92500270.0,421,0.375
Massachusetts,Shrewsbury,92500271.0,3069,0.5
Massachusetts,Shutesbury,92500272.0,231,0.289
Massachusetts,Somerset,92500273.0,1605,0.515
Massachusetts,Somerville,92500274.0,8977,0.42100000000000004
Massachusetts,South Hadley,92500278.0,1553,0.466
Massachusetts,Southampton,92500275.0,488,0.385
Massachusetts,Southborough,92500276.0,1049,0.53
Massachusetts,Southbridge,92500277.0,1019,0.523
Massachusetts,Southwick,92500279.0,453,0.41
Massachusetts,Spencer,92500280.0,606,0.408
Massachusetts,Springfield,92500281.0,11550,0.608
Massachusetts,Sterling,92500282.0,572,0.402
Massachusetts,Stockbridge,92500283.0,319,0.51
Massachusetts,Stoneham,92500284.0,2336,0.508
Massachusetts,Stoughton,92500285.0,2709,0.53
Massachusetts,Stow,92500286.0,878,0.507
Massachusetts,Sturbridge,92500287.0,690,0.45899999999999996
Massachusetts,Sudbury,92500288.0,2478,0.598
Massachusetts,Sunderland,92500289.0,273,0.299
Massachusetts,Sutton,92500290.0,577,0.42100000000000004
Massachusetts,Swampscott,92500291.0,1913,0.541
Massachusetts,Swansea,92500292.0,1064,0.489
Massachusetts,Taunton,92500293.0,3609,0.503
Massachusetts,Templeton,92500294.0,390,0.371
Massachusetts,Tewksbury,92500295.0,2281,0.449
Massachusetts,Tisbury,92500296.0,563,0.46
Massachusetts,Tolland,92500297.0,24,0.387
Massachusetts,Topsfield,92500298.0,631,0.49
Massachusetts,Townsend,92500299.0,505,0.37799999999999995
Massachusetts,Truro,92500300.0,365,0.511
Massachusetts,Tyngsborough,92500301.0,872,0.451
Massachusetts,Tyringham,92500302.0,83,0.654
Massachusetts,Upton,92500303.0,544,0.41
Massachusetts,Uxbridge,92500304.0,796,0.429
Massachusetts,Wakefield,92500305.0,2651,0.5
Massachusetts,Wales,92500306.0,82,0.337
Massachusetts,Walpole,92500307.0,2066,0.48700000000000004
Massachusetts,Waltham,92500308.0,5313,0.508
Massachusetts,Ware,92500309.0,499,0.39899999999999997
Massachusetts,Wareham,92500310.0,1524,0.47100000000000003
Massachusetts,Warren,92500311.0,253,0.385
Massachusetts,Warwick,92500312.0,59,0.257
Massachusetts,Washington,92500313.0,64,0.441
Massachusetts,Watertown,92500314.0,4338,0.49
Massachusetts,Wayland,92500315.0,2110,0.595
Massachusetts,Webster,92500316.0,886,0.474
Massachusetts,Wellesley,92500317.0,4009,0.687
Massachusetts,Wellfleet,92500318.0,451,0.42100000000000004
Massachusetts,Wendell,92500319.0,88,0.23600000000000002
Massachusetts,Wenham,92500320.0,394,0.536
Massachusetts,West Boylston,92500322.0,595,0.415
Massachusetts,West Bridgewater,92500323.0,457,0.424
Massachusetts,West Brookfield,92500324.0,212,0.354
Massachusetts,West Newbury,92500329.0,465,0.47700000000000004
Massachusetts,West Springfield,92500332.0,1581,0.47700000000000004
Massachusetts,West Stockbridge,92500333.0,214,0.45899999999999996
Massachusetts,West Tisbury,92500334.0,465,0.41700000000000004
Massachusetts,Westborough,92500321.0,1624,0.511
Massachusetts,Westfield,92500325.0,2062,0.419
Massachusetts,Westford,92500326.0,2124,0.467
Massachusetts,Westhampton,92500327.0,144,0.35
Massachusetts,Westminster,92500328.0,482,0.386
Massachusetts,Weston,92500330.0,1480,0.682
Massachusetts,Westport,92500331.0,1318,0.45899999999999996
Massachusetts,Westwood,92500335.0,1830,0.565
Massachusetts,Weymouth,92500336.0,5006,0.467
Massachusetts,Whately,92500337.0,153,0.32899999999999996
Massachusetts,Whitman,92500338.0,970,0.4
Massachusetts,Wilbraham,92500339.0,1044,0.47100000000000003
Massachusetts,Williamsburg,92500340.0,371,0.371
Massachusetts,Williamstown,92500341.0,1121,0.507
Massachusetts,Wilmington,92500342.0,1796,0.441
Massachusetts,Winchendon,92500343.0,408,0.359
Massachusetts,Winchester,92500344.0,2972,0.597
Massachusetts,Windsor,92500345.0,77,0.358
Massachusetts,Winthrop,92500346.0,1703,0.48100000000000004
Massachusetts,Woburn,92500347.0,3532,0.479
Massachusetts,Worcester,92500348.0,12132,0.504
Massachusetts,Worthington,92500349.0,98,0.281
Massachusetts,Wrentham,92500350.0,744,0.447
Massachusetts,Yarmouth,92500351.0,2245,0.517
Michigan,Alcona,26001.0,463,0.48700000000000004
Michigan,Alger,26003.0,384,0.371
Michigan,Allegan,26005.0,3489,0.38
Michigan,Alpena,26007.0,1102,0.44299999999999995
Michigan,Antrim,26009.0,867,0.361
Michigan,Arenac,26011.0,595,0.461
Michigan,Baraga,26013.0,270,0.40399999999999997
Michigan,Barry,26015.0,1736,0.354
Michigan,Bay,26017.0,5937,0.46
Michigan,Benzie,26019.0,853,0.335
Michigan,Berrien,26021.0,6646,0.526
Michigan,Branch,26023.0,1010,0.434
Michigan,Calhoun,26025.0,5230,0.46399999999999997
Michigan,Cass,26027.0,1657,0.484
Michigan,Charlevoix,26029.0,1044,0.36700000000000005
Michigan,Cheboygan,26031.0,1010,0.426
Michigan,Chippewa,26033.0,1230,0.39899999999999997
Michigan,Clare,26035.0,1090,0.45799999999999996
Michigan,Clinton,26037.0,3409,0.42100000000000004
Michigan,Crawford,26039.0,494,0.423
Michigan,Delta,26041.0,1409,0.433
Michigan,Dickinson,26043.0,908,0.435
Michigan,Eaton,26045.0,5560,0.441
Michigan,Emmet,26047.0,1369,0.33899999999999997
Michigan,Genesee,26049.0,31284,0.517
Michigan,Gladwin,26051.0,985,0.46299999999999997
Michigan,Gogebic,26053.0,678,0.449
Michigan,Grand Traverse,26055.0,4140,0.332
Michigan,Gratiot,26057.0,1185,0.39399999999999996
Michigan,Hillsdale,26059.0,977,0.402
Michigan,Houghton,26061.0,1109,0.348
Michigan,Huron,26063.0,1050,0.46
Michigan,Ingham,26065.0,18287,0.43700000000000006
Michigan,Ionia,26067.0,1491,0.34
Michigan,Iosco,26069.0,1077,0.461
Michigan,Iron,26071.0,527,0.483
Michigan,Isabella,26073.0,2032,0.332
Michigan,Jackson,26075.0,5288,0.42700000000000005
Michigan,Kalamazoo,26077.0,12593,0.379
Michigan,Kalkaska,26079.0,590,0.37200000000000005
Michigan,Kent,26081.0,25899,0.373
Michigan,Keweenaw,26083.0,128,0.39799999999999996
Michigan,Lake,26085.0,548,0.501
Michigan,Lapeer,26087.0,3319,0.40299999999999997
Michigan,Leelanau,26089.0,1459,0.377
Michigan,Lenawee,26091.0,3455,0.43700000000000006
Michigan,Livingston,26093.0,6705,0.381
Michigan,Luce,26095.0,167,0.355
Michigan,Mackinac,26097.0,500,0.439
Michigan,Macomb,26099.0,47597,0.488
Michigan,Manistee,26101.0,1120,0.396
Michigan,Marquette,26103.0,3188,0.35600000000000004
Michigan,Mason,26105.0,1223,0.406
Michigan,Mecosta,26107.0,1173,0.389
Michigan,Menominee,26109.0,835,0.48700000000000004
Michigan,Midland,26111.0,3097,0.39799999999999996
Michigan,Missaukee,26113.0,399,0.39
Michigan,Monroe,26115.0,6716,0.47200000000000003
Michigan,Montcalm,26117.0,1681,0.368
Michigan,Montmorency,26119.0,392,0.48700000000000004
Michigan,Muskegon,26121.0,8220,0.439
Michigan,Newaygo,26123.0,1290,0.366
Michigan,Oakland,26125.0,92296,0.514
Michigan,Oceana,26127.0,791,0.382
Michigan,Ogemaw,26129.0,862,0.462
Michigan,Ontonagon,26131.0,327,0.444
Michigan,Osceola,26133.0,670,0.40399999999999997
Michigan,Oscoda,26135.0,273,0.449
Michigan,Otsego,26137.0,786,0.38
Michigan,Ottawa,26139.0,7686,0.344
Michigan,Presque Isle,26141.0,592,0.47700000000000004
Michigan,Roscommon,26143.0,1163,0.473
Michigan,Saginaw,26145.0,12348,0.552
Michigan,Sanilac,26151.0,1160,0.42
Michigan,Schoolcraft,26153.0,312,0.457
Michigan,Shiawassee,26155.0,3031,0.39399999999999996
Michigan,St. Clair,26147.0,3665,0.413
Michigan,St. Joseph,26149.0,1382,0.377
Michigan,Tuscola,26157.0,1984,0.426
Michigan,Van Buren,26159.0,2484,0.397
Michigan,Washtenaw,26161.0,30022,0.43700000000000006
Michigan,Wayne,26163.0,163886,0.6
Michigan,Wexford,26165.0,909,0.32899999999999996
Mississippi,Adams,28001.0,3013,0.867
Mississippi,Alcorn,28003.0,809,0.708
Mississippi,Amite,28005.0,1212,0.89
Mississippi,Attala,28007.0,1519,0.877
Mississippi,Benton,28009.0,557,0.852
Mississippi,Bolivar,28011.0,3029,0.8540000000000001
Mississippi,Calhoun,28013.0,748,0.8490000000000001
Mississippi,Carroll,28015.0,828,0.9
Mississippi,Chickasaw,28017.0,1398,0.831
Mississippi,Choctaw,28019.0,517,0.8390000000000001
Mississippi,Claiborne,28021.0,1411,0.903
Mississippi,Clarke,28023.0,1044,0.863
Mississippi,Clay,28025.0,2372,0.86
Mississippi,Coahoma,28027.0,2301,0.823
Mississippi,Copiah,28029.0,3373,0.882
Mississippi,Covington,28031.0,1356,0.882
Mississippi,DeSoto,28033.0,5420,0.733
Mississippi,Forrest,28035.0,3708,0.731
Mississippi,Franklin,28037.0,701,0.841
Mississippi,George,28039.0,349,0.721
Mississippi,Greene,28041.0,374,0.84
Mississippi,Grenada,28043.0,1634,0.86
Mississippi,Hancock,28045.0,893,0.62
Mississippi,Harrison,28047.0,6886,0.743
Mississippi,Hinds,28049.0,31386,0.841
Mississippi,Holmes,28051.0,3301,0.929
Mississippi,Humphreys,28053.0,2894,0.9420000000000001
Mississippi,Issaquena,28055.0,175,0.884
Mississippi,Itawamba,28057.0,377,0.6920000000000001
Mississippi,Jackson,28059.0,4811,0.7609999999999999
Mississippi,Jasper,28061.0,1976,0.8959999999999999
Mississippi,Jeff Davis,28065.0,1806,0.892
Mississippi,Jefferson,28063.0,1550,0.89
Mississippi,Jones,28067.0,2681,0.835
Mississippi,Kemper,28069.0,1008,0.892
Mississippi,Lafayette,28071.0,2451,0.643
Mississippi,Lamar,28073.0,1464,0.725
Mississippi,Lauderdale,28075.0,3306,0.835
Mississippi,Lawrence,28077.0,1112,0.85
Mississippi,Leake,28079.0,1614,0.8540000000000001
Mississippi,Lee,28081.0,3020,0.769
Mississippi,Leflore,28083.0,2094,0.904
Mississippi,Lincoln,28085.0,1817,0.851
Mississippi,Lowndes,28087.0,4030,0.8240000000000001
Mississippi,Madison,28089.0,7414,0.8340000000000001
Mississippi,Marion,28091.0,1539,0.875
Mississippi,Marshall,28093.0,3361,0.887
Mississippi,Monroe,28095.0,1913,0.8490000000000001
Mississippi,Montgomery,28097.0,953,0.89
Mississippi,Neshoba,28099.0,929,0.7809999999999999
Mississippi,Newton,28101.0,1000,0.835
Mississippi,Noxubee,28103.0,1397,0.905
Mississippi,Oktibbeha,28105.0,2389,0.758
Mississippi,Panola,28107.0,3061,0.858
Mississippi,Pearl River,28109.0,974,0.7240000000000001
Mississippi,Perry,28111.0,401,0.8270000000000001
Mississippi,Pike,28113.0,2870,0.865
Mississippi,Pontotoc,28115.0,733,0.7120000000000001
Mississippi,Prentiss,28117.0,681,0.71
Mississippi,Quitman,28119.0,986,0.853
Mississippi,Rankin,28121.0,4689,0.7709999999999999
Mississippi,Scott,28123.0,2013,0.855
Mississippi,Sharkey,28125.0,645,0.914
Mississippi,Simpson,28127.0,1855,0.853
Mississippi,Smith,28129.0,712,0.8140000000000001
Mississippi,Stone,28131.0,544,0.775
Mississippi,Sunflower,28133.0,2332,0.878
Mississippi,Tallahatchie,28135.0,1341,0.8740000000000001
Mississippi,Tate,28137.0,1435,0.851
Mississippi,Tippah,28139.0,575,0.7490000000000001
Mississippi,Tishomingo,28141.0,361,0.613
Mississippi,Tunica,28143.0,904,0.774
Mississippi,Union,28145.0,593,0.713
Mississippi,Walthall,28147.0,1111,0.885
Mississippi,Warren,28149.0,3463,0.8440000000000001
Mississippi,Washington,28151.0,2982,0.877
Mississippi,Wayne,28153.0,1441,0.838
Mississippi,Webster,28155.0,397,0.8190000000000001
Mississippi,Wilkinson,28157.0,1269,0.934
Mississippi,Winston,28159.0,1442,0.863
Mississippi,Yalobusha,28161.0,1214,0.8420000000000001
Mississippi,Yazoo,28163.0,2203,0.9079999999999999
Missouri,Adair,29001.0,799,0.40700000000000003
Missouri,Andrew,29003.0,498,0.39899999999999997
Missouri,Atchison,29005.0,141,0.445
Missouri,Audrain,29007.0,749,0.496
Missouri,Barry,29009.0,874,0.516
Missouri,Barton,29011.0,205,0.48100000000000004
Missouri,Bates,29013.0,518,0.435
Missouri,Benton,29015.0,669,0.5329999999999999
Missouri,Bollinger,29017.0,242,0.5379999999999999
Missouri,Boone,29019.0,9628,0.387
Missouri,Buchanan,29021.0,3443,0.445
Missouri,Butler,29023.0,889,0.527
Missouri,Caldwell,29025.0,244,0.43200000000000005
Missouri,Callaway,29027.0,1378,0.445
Missouri,Camden,29029.0,1388,0.489
Missouri,Cape Girardeau,29031.0,2076,0.466
Missouri,Carroll,29033.0,233,0.46299999999999997
Missouri,Carter,29035.0,138,0.486
Missouri,Cass,29037.0,3765,0.46799999999999997
Missouri,Cedar,29039.0,332,0.47
Missouri,Chariton,29041.0,321,0.521
Missouri,Christian,29043.0,2146,0.408
Missouri,Clark,29045.0,202,0.514
Missouri,Clay,29047.0,10630,0.455
Missouri,Clinton,29049.0,765,0.462
Missouri,Cole,29051.0,2798,0.45299999999999996
Missouri,Cooper,29053.0,516,0.501
Missouri,Crawford,29055.0,522,0.41200000000000003
Missouri,Dade,29057.0,201,0.48100000000000004
Missouri,Dallas,29059.0,397,0.429
Missouri,Daviess,29061.0,239,0.51
Missouri,DeKalb,29063.0,221,0.39
Missouri,Dent,29065.0,327,0.405
Missouri,Douglas,29067.0,268,0.405
Missouri,Dunklin,29069.0,724,0.609
Missouri,Franklin,29071.0,3701,0.429
Missouri,Gasconade,29073.0,401,0.43799999999999994
Missouri,Gentry,29075.0,171,0.48
Missouri,Greene,29077.0,10910,0.38299999999999995
Missouri,Grundy,29079.0,219,0.446
Missouri,Harrison,29081.0,158,0.485
Missouri,Henry,29083.0,780,0.517
Missouri,Hickory,29085.0,73,0.537
Missouri,Holt,29087.0,128,0.522
Missouri,Howard,29089.0,413,0.488
Missouri,Howell,29091.0,833,0.402
Missouri,Iron,29093.0,349,0.43799999999999994
Missouri,Jackson,29095.0,48860,0.529
Missouri,Jasper,29097.0,2289,0.371
Missouri,Jefferson,29099.0,9637,0.442
Missouri,Johnson,29101.0,1473,0.425
Missouri,Knox,29103.0,134,0.568
Missouri,LaClede,29105.0,737,0.436
Missouri,Lafayette,29107.0,1173,0.462
Missouri,Lawrence,29109.0,872,0.45299999999999996
Missouri,Lewis,29111.0,239,0.483
Missouri,Lincoln,29113.0,1561,0.431
Missouri,Linn,29115.0,436,0.505
Missouri,Livingston,29117.0,397,0.485
Missouri,Macon,29121.0,421,0.43700000000000006
Missouri,Madison,29123.0,346,0.494
Missouri,Maries,29125.0,305,0.502
Missouri,Marion,29127.0,925,0.547
Missouri,McDonald,29119.0,364,0.47600000000000003
Missouri,Mercer,29129.0,69,0.519
Missouri,Miller,29131.0,432,0.465
Missouri,Mississippi,29133.0,486,0.672
Missouri,Moniteau,29135.0,340,0.446
Missouri,Monroe,29137.0,252,0.509
Missouri,Montgomery,29139.0,330,0.494
Missouri,Morgan,29141.0,554,0.515
Missouri,New Madrid,29143.0,691,0.642
Missouri,Newton,29145.0,1240,0.439
Missouri,Nodaway,29147.0,616,0.41600000000000004
Missouri,Oregon,29149.0,319,0.53
Missouri,Osage,29151.0,314,0.47700000000000004
Missouri,Ozark,29153.0,217,0.42100000000000004
Missouri,Pemiscot,29155.0,602,0.6940000000000001
Missouri,Perry,29157.0,436,0.493
Missouri,Pettis,29159.0,1265,0.44799999999999995
Missouri,Phelps,29161.0,1137,0.384
Missouri,Pike,29163.0,661,0.57
Missouri,Platte,29165.0,4645,0.47100000000000003
Missouri,Polk,29167.0,744,0.461
Missouri,Pulaski,29169.0,860,0.446
Missouri,Putnam,29171.0,102,0.46799999999999997
Missouri,Ralls,29173.0,415,0.545
Missouri,Randolph,29175.0,647,0.449
Missouri,Ray,29177.0,942,0.48200000000000004
Missouri,Reynolds,29179.0,230,0.47100000000000003
Missouri,Ripley,29181.0,259,0.491
Missouri,Saline,29195.0,910,0.514
Missouri,Schuyler,29197.0,124,0.49200000000000005
Missouri,Scotland,29199.0,108,0.441
Missouri,Scott,29201.0,1067,0.55
Missouri,Shannon,29203.0,317,0.506
Missouri,Shelby,29205.0,240,0.511
Missouri,St. Charles,29183.0,17805,0.44799999999999995
Missouri,St. Clair,29185.0,340,0.499
Missouri,St. Francois,29187.0,1939,0.45299999999999996
Missouri,St. Louis City,29510.0,34458,0.55
Missouri,St. Louis County,29189.0,89373,0.5529999999999999
Missouri,Ste. Genevieve,29186.0,842,0.503
Missouri,Stoddard,29207.0,674,0.5660000000000001
Missouri,Stone,29209.0,806,0.469
Missouri,Sullivan,29211.0,177,0.598
Missouri,Taney,29213.0,1199,0.462
Missouri,Texas,29215.0,603,0.46299999999999997
Missouri,Vernon,29217.0,490,0.478
Missouri,Warren,29219.0,986,0.44
Missouri,Washington,29221.0,754,0.514
Missouri,Wayne,29223.0,393,0.578
Missouri,Webster,29225.0,940,0.44
Missouri,Worth,29227.0,59,0.415
Missouri,Wright,29229.0,402,0.505
Montana,Beaverhead,30001.0,241,0.41700000000000004
Montana,Big Horn,30003.0,512,0.44299999999999995
Montana,Blaine,30005.0,280,0.385
Montana,Broadwater,30007.0,188,0.382
Montana,Carbon,30009.0,614,0.456
Montana,Carter,30011.0,21,0.447
Montana,Cascade,30013.0,4833,0.527
Montana,Chouteau,30015.0,276,0.575
Montana,Custer,30017.0,476,0.511
Montana,Daniels,30019.0,65,0.512
Montana,Dawson,30021.0,228,0.46399999999999997
Montana,Deer Lodge,30023.0,986,0.512
Montana,Fallon,30025.0,34,0.586
Montana,Fergus,30027.0,415,0.509
Montana,Flathead,30029.0,3021,0.42100000000000004
Montana,Gallatin,30031.0,5951,0.41
Montana,Garfield,30033.0,9,0.265
Montana,Glacier,30035.0,928,0.43200000000000005
Montana,Golden Valley,30037.0,27,0.386
Montana,Granite,30039.0,137,0.374
Montana,Hill,30041.0,867,0.461
Montana,Jefferson,30043.0,716,0.456
Montana,Judith Basin,30045.0,69,0.44799999999999995
Montana,Lake,30047.0,1338,0.445
Montana,Lewis and Clark,30049.0,5362,0.473
Montana,Liberty,30051.0,78,0.479
Montana,Lincoln,30053.0,668,0.423
Montana,Madison,30057.0,311,0.446
Montana,McCone,30055.0,65,0.528
Montana,Meagher,30059.0,56,0.46299999999999997
Montana,Mineral,30061.0,173,0.434
Montana,Missoula,30063.0,8115,0.369
Montana,Musselshell,30065.0,92,0.413
Montana,Park,30067.0,910,0.373
Montana,Petroleum,30069.0,16,0.47100000000000003
Montana,Phillips,30071.0,80,0.457
Montana,Pondera,30073.0,256,0.498
Montana,Powder River,30075.0,24,0.414
Montana,Powell,30077.0,205,0.418
Montana,Prairie,30079.0,48,0.49
Montana,Ravalli,30081.0,1855,0.452
Montana,Richland,30083.0,217,0.545
Montana,Roosevelt,30085.0,314,0.41200000000000003
Montana,Rosebud,30087.0,250,0.38
Montana,Sanders,30089.0,404,0.384
Montana,Sheridan,30091.0,171,0.478
Montana,Silver Bow,30093.0,4089,0.507
Montana,Stillwater,30095.0,287,0.461
Montana,Sweet Grass,30097.0,107,0.43
Montana,Teton,30099.0,374,0.405
Montana,Toole,30101.0,129,0.524
Montana,Treasure,30103.0,34,0.425
Montana,Valley,30105.0,344,0.467
Montana,Wheatland,30107.0,48,0.43200000000000005
Montana,Wibaux,30109.0,36,0.6
Montana,Yellowstone,30111.0,7844,0.502
Nebraska,Adams,31001.0,177,0.384
Nebraska,Antelope,31003.0,27,0.54
Nebraska,Arthur,31005.0,1,0.25
Nebraska,Banner,31007.0,4,0.5710000000000001
Nebraska,Blaine,31009.0,4,0.444
Nebraska,Boone,31011.0,27,0.614
Nebraska,Box Butte,31013.0,45,0.375
Nebraska,Boyd,31015.0,13,0.565
Nebraska,Brown,31017.0,6,0.462
Nebraska,Buffalo,31019.0,208,0.308
Nebraska,Burt,31021.0,54,0.563
Nebraska,Butler,31023.0,25,0.47200000000000003
Nebraska,Cass,31025.0,132,0.466
Nebraska,Cedar,31027.0,20,0.465
Nebraska,Chase,31029.0,16,0.615
Nebraska,Cherry,31031.0,20,0.645
Nebraska,Cheyenne,31033.0,28,0.389
Nebraska,Clay,31035.0,12,0.255
Nebraska,Colfax,31037.0,24,0.6
Nebraska,Cuming,31039.0,34,0.5670000000000001
Nebraska,Custer,31041.0,20,0.35100000000000003
Nebraska,Dakota,31043.0,76,0.434
Nebraska,Dawes,31045.0,58,0.314
Nebraska,Dawson,31047.0,39,0.312
Nebraska,Deuel,31049.0,2,0.4
Nebraska,Dixon,31051.0,28,0.45899999999999996
Nebraska,Dodge,31053.0,205,0.526
Nebraska,Douglas,31055.0,5387,0.46
Nebraska,Dundy,31057.0,14,0.9329999999999999
Nebraska,Fillmore,31059.0,34,0.5
Nebraska,Franklin,31061.0,11,0.55
Nebraska,Frontier,31063.0,9,0.643
Nebraska,Furnas,31065.0,12,0.48
Nebraska,Gage,31067.0,175,0.5429999999999999
Nebraska,Garden,31069.0,8,0.381
Nebraska,Garfield,31071.0,0,0.0
Nebraska,Gosper,31073.0,12,0.414
Nebraska,Grant,31075.0,0,0.0
Nebraska,Greeley,31077.0,11,0.55
Nebraska,Hall,31079.0,299,0.447
Nebraska,Hamilton,31081.0,23,0.34299999999999997
Nebraska,Harlan,31083.0,13,0.52
Nebraska,Hayes,31085.0,9,1.0
Nebraska,Hitchcock,31087.0,6,0.6
Nebraska,Holt,31089.0,30,0.556
Nebraska,Hooker,31091.0,3,0.429
Nebraska,Howard,31093.0,43,0.589
Nebraska,Jefferson,31095.0,41,0.414
Nebraska,Johnson,31097.0,24,0.45299999999999996
Nebraska,Kearney,31099.0,34,0.486
Nebraska,Keith,31101.0,40,0.519
Nebraska,Keya Paha,31103.0,4,0.444
Nebraska,Kimball,31105.0,8,0.348
Nebraska,Knox,31107.0,25,0.61
Nebraska,Lancaster,31109.0,4016,0.38299999999999995
Nebraska,Lincoln,31111.0,182,0.475
Nebraska,Logan,31113.0,2,0.667
Nebraska,Loup,31115.0,5,0.455
Nebraska,Madison,31119.0,129,0.392
Nebraska,McPherson,31117.0,3,0.75
Nebraska,Merrick,31121.0,35,0.583
Nebraska,Morrill,31123.0,13,0.419
Nebraska,Nance,31125.0,14,0.56
Nebraska,Nemaha,31127.0,35,0.473
Nebraska,Nuckolls,31129.0,17,0.486
Nebraska,Otoe,31131.0,76,0.42200000000000004
Nebraska,Pawnee,31133.0,29,0.725
Nebraska,Perkins,31135.0,16,0.762
Nebraska,Phelps,31137.0,33,0.44
Nebraska,Pierce,31139.0,10,0.33299999999999996
Nebraska,Platte,31141.0,128,0.542
Nebraska,Polk,31143.0,31,0.534
Nebraska,Red Willow,31145.0,25,0.35200000000000004
Nebraska,Richardson,31147.0,36,0.563
Nebraska,Rock,31149.0,3,0.3
Nebraska,Saline,31151.0,109,0.551
Nebraska,Sarpy,31153.0,1099,0.40399999999999997
Nebraska,Saunders,31155.0,104,0.365
Nebraska,Scotts Bluff,31157.0,123,0.374
Nebraska,Seward,31159.0,86,0.415
Nebraska,Sheridan,31161.0,10,0.385
Nebraska,Sherman,31163.0,11,0.344
Nebraska,Sioux,31165.0,12,0.5710000000000001
Nebraska,Stanton,31167.0,19,0.35200000000000004
Nebraska,Thayer,31169.0,40,0.69
Nebraska,Thomas,31171.0,1,1.0
Nebraska,Thurston,31173.0,24,0.47100000000000003
Nebraska,Valley,31175.0,35,0.614
Nebraska,Washington,31177.0,136,0.493
Nebraska,Wayne,31179.0,58,0.527
Nebraska,Webster,31181.0,16,0.667
Nebraska,Wheeler,31183.0,3,0.5
Nebraska,York,31185.0,36,0.33
Nevada,Carson City,32510.0,79,0.488
Nevada,Churchill,32001.0,46,0.5
Nevada,Clark,32003.0,4767,0.5489999999999999
Nevada,Douglas,32005.0,85,0.541
Nevada,Elko,32007.0,38,0.442
Nevada,Esmeralda,32009.0,7,0.318
Nevada,Eureka,32011.0,3,0.136
Nevada,Humboldt,32013.0,27,0.33799999999999997
Nevada,Lander,32015.0,20,0.29
Nevada,Lincoln,32017.0,38,0.603
Nevada,Lyon,32019.0,80,0.47600000000000003
Nevada,Mineral,32021.0,39,0.534
Nevada,Nye,32023.0,94,0.588
Nevada,Pershing,32027.0,32,0.478
Nevada,Storey,32029.0,31,0.5
Nevada,Washoe,32031.0,863,0.45899999999999996
Nevada,White Pine,32033.0,47,0.505
New Hampshire,Belknap,,3490,0.3681434599156118
New Hampshire,Carroll,,3230,0.3635340461451885
New Hampshire,Cheshire,,5166,0.2929069569654703
New Hampshire,Coos,,2013,0.35628318584070795
New Hampshire,Grafton,,6918,0.32669059312429166
New Hampshire,Hillsborough,,28099,0.4209903363547831
New Hampshire,Merrimack,,12209,0.40313686643552915
New Hampshire,Rockingham,,22829,0.4234728894989705
New Hampshire,Strafford,,8801,0.3568069407281278
New Hampshire,Sullivan,,2497,0.29715577769844104
New Jersey,Atlantic,34001.0,11018,0.618
New Jersey,Bergen,34003.0,55264,0.618
New Jersey,Burlington,34005.0,32712,0.62
New Jersey,Camden,34007.0,43720,0.624
New Jersey,Cape May,34009.0,3964,0.55
New Jersey,Cumberland,34011.0,6875,0.642
New Jersey,Essex,34013.0,75071,0.732
New Jersey,Gloucester,34015.0,17954,0.562
New Jersey,Hudson,34017.0,49798,0.665
New Jersey,Hunterdon,34019.0,5373,0.516
New Jersey,Mercer,34021.0,29505,0.662
New Jersey,Middlesex,34023.0,47978,0.611
New Jersey,Monmouth,34025.0,30835,0.5820000000000001
New Jersey,Morris,34027.0,24226,0.584
New Jersey,Ocean,34029.0,19572,0.546
New Jersey,Passaic,34031.0,29538,0.677
New Jersey,Salem,34033.0,2814,0.565
New Jersey,Somerset,34035.0,19667,0.616
New Jersey,Sussex,34037.0,3982,0.43
New Jersey,Union,34039.0,40972,0.6890000000000001
New Jersey,Warren,34041.0,3399,0.491
New Mexico,Bernalillo,35001.0,36937,0.491
New Mexico,Catron,35003.0,115,0.386
New Mexico,Chaves,35005.0,1238,0.5660000000000001
New Mexico,Cibola,35006.0,1586,0.515
New Mexico,Colfax,35007.0,949,0.562
New Mexico,Curry,35009.0,672,0.467
New Mexico,DeBaca,35011.0,96,0.457
New Mexico,Dona Ana,35013.0,9097,0.557
New Mexico,Eddy,35015.0,1566,0.539
New Mexico,Grant,35017.0,2272,0.501
New Mexico,Guadalupe,35019.0,399,0.547
New Mexico,Harding,35021.0,75,0.62
New Mexico,Hidalgo,35023.0,515,0.615
New Mexico,Lea,35025.0,705,0.52
New Mexico,Lincoln,35027.0,515,0.494
New Mexico,Los Alamos,35028.0,1424,0.504
New Mexico,Luna,35029.0,917,0.562
New Mexico,McKinley,35031.0,4761,0.591
New Mexico,Mora,35033.0,986,0.621
New Mexico,Otero,35035.0,1324,0.527
New Mexico,Quay,35037.0,473,0.515
New Mexico,Rio Arriba,35039.0,4915,0.602
New Mexico,Roosevelt,35041.0,281,0.418
New Mexico,San Juan,35045.0,3019,0.525
New Mexico,San Miguel,35047.0,3418,0.594
New Mexico,Sandoval,35043.0,7448,0.517
New Mexico,Santa Fe,35049.0,16087,0.506
New Mexico,Sierra,35051.0,400,0.43
New Mexico,Socorro,35053.0,1050,0.506
New Mexico,Taos,35055.0,3285,0.43200000000000005
New Mexico,Torrance,35057.0,649,0.499
New Mexico,Union,35059.0,154,0.44799999999999995
New Mexico,Valencia,35061.0,3123,0.521
New York,Albany,36001.0,18450,0.475
New York,Allegany,36003.0,762,0.405
New York,Bronx,36005.0,95772,0.7
New York,Brooklyn,36047.0,174236,0.6
New York,Broome,36007.0,7035,0.434
New York,Cattaraugus,36009.0,1718,0.42100000000000004
New York,Cayuga,36011.0,2383,0.473
New York,Chautauqua,36013.0,3483,0.46
New York,Chemung,36015.0,2520,0.496
New York,Chenango,36017.0,958,0.391
New York,Clinton,36019.0,1550,0.265
New York,Columbia,36021.0,2481,0.429
New York,Cortland,36023.0,1402,0.42700000000000005
New York,Delaware,36025.0,1067,0.391
New York,Dutchess,36027.0,11005,0.485
New York,Erie,36029.0,50199,0.504
New York,Essex,36031.0,708,0.268
New York,Franklin,36033.0,961,0.29100000000000004
New York,Fulton,36035.0,881,0.389
New York,Genesee,36037.0,1262,0.451
New York,Greene,36039.0,1062,0.42100000000000004
New York,Hamilton,36041.0,123,0.369
New York,Herkimer,36043.0,1377,0.44
New York,Jefferson,36045.0,2379,0.491
New York,Lewis,36049.0,449,0.409
New York,Livingston,36051.0,1611,0.401
New York,Madison,36053.0,1880,0.445
New York,Manhattan,36061.0,177496,0.6629999999999999
New York,Monroe,36055.0,37309,0.518
New York,Montgomery,36057.0,1185,0.42100000000000004
New York,Nassau,36059.0,70947,0.626
New York,Niagara,36063.0,7694,0.46299999999999997
New York,Oneida,36065.0,6054,0.45399999999999996
New York,Onondaga,36067.0,20397,0.53
New York,Ontario,36069.0,2884,0.462
New York,Orange,36071.0,12239,0.515
New York,Orleans,36073.0,650,0.426
New York,Oswego,36075.0,2424,0.442
New York,Otsego,36077.0,1817,0.409
New York,Putnam,36079.0,3477,0.493
New York,Queens,36081.0,122386,0.616
New York,Rensselaer,36083.0,4738,0.41600000000000004
New York,Rockland,36087.0,16966,0.605
New York,Saint Lawrence,36089.0,2865,0.41100000000000003
New York,Saratoga,36091.0,7206,0.442
New York,Schenectady,36093.0,6146,0.47200000000000003
New York,Schoharie,36095.0,622,0.364
New York,Schuyler,36097.0,491,0.375
New York,Seneca,36099.0,1042,0.47200000000000003
New York,Staten Island,36085.0,16127,0.529
New York,Steuben,36101.0,1970,0.42100000000000004
New York,Suffolk,36103.0,49926,0.547
New York,Sullivan,36105.0,2088,0.439
New York,Tioga,36107.0,1232,0.40299999999999997
New York,Tompkins,36109.0,5625,0.377
New York,Ulster,36111.0,6927,0.374
New York,Warren,36113.0,1639,0.38299999999999995
New York,Washington,36115.0,1167,0.359
New York,Wayne,36117.0,1859,0.445
New York,Westchester,36119.0,69628,0.674
New York,Wyoming,36121.0,594,0.395
New York,Yates,36123.0,552,0.452
North Carolina,Alamance,37001.0,7374,0.537
North Carolina,Alexander,37003.0,1148,0.45799999999999996
North Carolina,Alleghany,37005.0,563,0.442
North Carolina,Anson,37007.0,2307,0.6609999999999999
North Carolina,Ashe,37009.0,1219,0.46399999999999997
North Carolina,Avery,37011.0,326,0.414
North Carolina,Beaufort,37013.0,2934,0.556
North Carolina,Bertie,37015.0,2065,0.695
North Carolina,Bladen,37017.0,3442,0.596
North Carolina,Brunswick,37019.0,7192,0.601
North Carolina,Buncombe,37021.0,17604,0.354
North Carolina,Burke,37023.0,3511,0.461
North Carolina,Cabarrus,37025.0,8096,0.517
North Carolina,Caldwell,37027.0,2156,0.47
North Carolina,Camden,37029.0,468,0.542
North Carolina,Carteret,37031.0,2946,0.485
North Carolina,Caswell,37033.0,1701,0.598
North Carolina,Catawba,37035.0,5310,0.512
North Carolina,Chatham,37037.0,7406,0.55
North Carolina,Cherokee,37039.0,1024,0.439
North Carolina,Chowan,37041.0,974,0.618
North Carolina,Clay,37043.0,487,0.528
North Carolina,Cleveland,37045.0,4880,0.5589999999999999
North Carolina,Columbus,37047.0,3628,0.563
North Carolina,Craven,37049.0,5187,0.581
North Carolina,Cumberland,37051.0,22744,0.639
North Carolina,Currituck,37053.0,780,0.478
North Carolina,Dare,37055.0,2003,0.425
North Carolina,Davidson,37057.0,4489,0.503
North Carolina,Davie,37059.0,1377,0.54
North Carolina,Duplin,37061.0,3036,0.612
North Carolina,Durham,37063.0,35845,0.575
North Carolina,Edgecombe,37065.0,6411,0.708
North Carolina,Forsyth,37067.0,24446,0.58
North Carolina,Franklin,37069.0,4951,0.594
North Carolina,Gaston,37071.0,7697,0.541
North Carolina,Gates,37073.0,749,0.617
North Carolina,Graham,37075.0,321,0.44299999999999995
North Carolina,Granville,37077.0,4693,0.588
North Carolina,Greene,37079.0,1643,0.5870000000000001
North Carolina,Guilford,37081.0,37880,0.56
North Carolina,Halifax,37083.0,6224,0.667
North Carolina,Harnett,37085.0,4655,0.551
North Carolina,Haywood,37087.0,3748,0.445
North Carolina,Henderson,37089.0,4811,0.47
North Carolina,Hertford,37091.0,2926,0.675
North Carolina,Hoke,37093.0,3528,0.597
North Carolina,Hyde,37095.0,459,0.48
North Carolina,Iredell,37097.0,5888,0.509
North Carolina,Jackson,37099.0,2022,0.381
North Carolina,Johnston,37101.0,7992,0.521
North Carolina,Jones,37103.0,910,0.58
North Carolina,Lee,37105.0,3224,0.546
North Carolina,Lenoir,37107.0,4731,0.6409999999999999
North Carolina,Lincoln,37109.0,2812,0.513
North Carolina,Macon,37113.0,1548,0.479
North Carolina,Madison,37115.0,1201,0.345
North Carolina,Martin,37117.0,2469,0.618
North Carolina,McDowell,37111.0,1353,0.409
North Carolina,Mecklenburg,37119.0,71265,0.603
North Carolina,Mitchell,37121.0,314,0.40399999999999997
North Carolina,Montgomery,37123.0,1366,0.5489999999999999
North Carolina,Moore,37125.0,4679,0.588
North Carolina,Nash,37127.0,8554,0.6579999999999999
North Carolina,New Hanover,37129.0,12240,0.484
North Carolina,Northampton,37131.0,3195,0.684
North Carolina,Onslow,37133.0,4560,0.542
North Carolina,Orange,37135.0,17546,0.484
North Carolina,Pamlico,37137.0,922,0.53
North Carolina,Pasquotank,37139.0,2471,0.652
North Carolina,Pender,37141.0,2880,0.564
North Carolina,Perquimans,37143.0,711,0.514
North Carolina,Person,37145.0,2954,0.51
North Carolina,Pitt,37147.0,11856,0.57
North Carolina,Polk,37149.0,1099,0.47700000000000004
North Carolina,Randolph,37151.0,2969,0.466
North Carolina,Richmond,37153.0,2941,0.5710000000000001
North Carolina,Robeson,37155.0,8457,0.51
North Carolina,Rockingham,37157.0,4464,0.544
North Carolina,Rowan,37159.0,5031,0.527
North Carolina,Rutherford,37161.0,2382,0.46
North Carolina,Sampson,37163.0,3790,0.657
North Carolina,Scotland,37165.0,2671,0.63
North Carolina,Stanly,37167.0,2153,0.491
North Carolina,Stokes,37169.0,1433,0.478
North Carolina,Surry,37171.0,2380,0.475
North Carolina,Swain,37173.0,666,0.41
North Carolina,Transylvania,37175.0,1794,0.45799999999999996
North Carolina,Tyrrell,37177.0,266,0.493
North Carolina,Union,37179.0,7630,0.5579999999999999
North Carolina,Vance,37181.0,4561,0.64
North Carolina,Wake,37183.0,77927,0.534
North Carolina,Warren,37185.0,2827,0.7
North Carolina,Washington,37187.0,1374,0.621
North Carolina,Watauga,37189.0,2514,0.29600000000000004
North Carolina,Wayne,37191.0,7546,0.625
North Carolina,Wilkes,37193.0,2107,0.504
North Carolina,Wilson,37195.0,6408,0.642
North Carolina,Yadkin,37197.0,832,0.48
North Carolina,Yancey,37199.0,1134,0.405
North Dakota,District 1,93800101.0,1,0.25
North Dakota,District 10,93800110.0,2,0.222
North Dakota,District 11,93800111.0,1,0.077
North Dakota,District 12,93800112.0,1,0.14300000000000002
North Dakota,District 13,93800113.0,3,0.273
North Dakota,District 14,93800114.0,3,0.429
North Dakota,District 15,93800115.0,4,0.5
North Dakota,District 16,93800116.0,1,0.1
North Dakota,District 17,93800117.0,4,0.364
North Dakota,District 18,93800118.0,2,0.2
North Dakota,District 19,93800119.0,1,0.125
North Dakota,District 2,93800102.0,3,0.5
North Dakota,District 20,93800120.0,4,0.444
North Dakota,District 21,93800121.0,2,0.182
North Dakota,District 22,93800122.0,4,0.4
North Dakota,District 23,93800123.0,7,0.7
North Dakota,District 24,93800124.0,2,0.2
North Dakota,District 25,93800125.0,3,0.33299999999999996
North Dakota,District 26,93800126.0,2,0.2
North Dakota,District 27,93800127.0,1,0.1
North Dakota,District 28,93800128.0,2,0.33299999999999996
North Dakota,District 29,93800129.0,2,0.28600000000000003
North Dakota,District 3,93800103.0,1,0.16699999999999998
North Dakota,District 30,93800130.0,2,0.28600000000000003
North Dakota,District 31,93800131.0,0,0.0
North Dakota,District 32,93800132.0,2,0.25
North Dakota,District 33,93800133.0,4,0.667
North Dakota,District 34,93800134.0,2,0.25
North Dakota,District 35,93800135.0,2,0.2
North Dakota,District 36,93800136.0,1,0.2
North Dakota,District 37,93800137.0,1,0.2
North Dakota,District 38,93800138.0,1,0.16699999999999998
North Dakota,District 39,93800139.0,0,0.0
North Dakota,District 4,93800104.0,2,0.222
North Dakota,District 40,93800140.0,1,0.2
North Dakota,District 41,93800141.0,3,0.3
North Dakota,District 42,93800142.0,2,0.222
North Dakota,District 43,93800143.0,2,0.222
North Dakota,District 44,93800144.0,3,0.231
North Dakota,District 45,93800145.0,3,0.33299999999999996
North Dakota,District 46,93800146.0,3,0.273
North Dakota,District 47,93800147.0,2,0.222
North Dakota,District 5,93800105.0,1,0.14300000000000002
North Dakota,District 6,93800106.0,2,0.25
North Dakota,District 7,93800107.0,1,0.14300000000000002
North Dakota,District 8,93800108.0,2,0.28600000000000003
North Dakota,District 9,93800109.0,3,0.273
Ohio,Adams,39001.0,877,0.568
Ohio,Allen,39003.0,3670,0.5660000000000001
Ohio,Ashland,39005.0,1451,0.491
Ohio,Ashtabula,39007.0,5320,0.5489999999999999
Ohio,Athens,39009.0,3533,0.382
Ohio,Auglaize,39011.0,1031,0.51
Ohio,Belmont,39013.0,3982,0.531
Ohio,Brown,39015.0,1562,0.583
Ohio,Butler,39017.0,12874,0.534
Ohio,Carroll,39019.0,1084,0.514
Ohio,Champaign,39021.0,1226,0.519
Ohio,Clark,39023.0,7107,0.5870000000000001
Ohio,Clermont,39025.0,5642,0.494
Ohio,Clinton,39027.0,909,0.485
Ohio,Columbiana,39029.0,4106,0.526
Ohio,Coshocton,39031.0,1358,0.536
Ohio,Crawford,39033.0,1344,0.514
Ohio,Cuyahoga,39035.0,125914,0.632
Ohio,Darke,39037.0,1246,0.542
Ohio,Defiance,39039.0,1507,0.506
Ohio,Delaware,39041.0,9552,0.579
Ohio,Erie,39043.0,5449,0.5529999999999999
Ohio,Fairfield,39045.0,6408,0.5529999999999999
Ohio,Fayette,39047.0,760,0.583
Ohio,Franklin,39049.0,84654,0.5529999999999999
Ohio,Fulton,39051.0,1480,0.48700000000000004
Ohio,Gallia,39053.0,945,0.47700000000000004
Ohio,Geauga,39055.0,4171,0.54
Ohio,Greene,39057.0,6672,0.494
Ohio,Guernsey,39059.0,1440,0.53
Ohio,Hamilton,39061.0,57687,0.595
Ohio,Hancock,39063.0,2062,0.449
Ohio,Hardin,39065.0,771,0.526
Ohio,Harrison,39067.0,818,0.532
Ohio,Henry,39069.0,977,0.5
Ohio,Highland,39071.0,1119,0.552
Ohio,Hocking,39073.0,1204,0.523
Ohio,Holmes,39075.0,561,0.488
Ohio,Huron,39077.0,2036,0.509
Ohio,Jackson,39079.0,1010,0.583
Ohio,Jefferson,39081.0,4328,0.547
Ohio,Knox,39083.0,1902,0.485
Ohio,Lake,39085.0,12506,0.5429999999999999
Ohio,Lawrence,39087.0,2654,0.5539999999999999
Ohio,Licking,39089.0,6785,0.5329999999999999
Ohio,Logan,39091.0,1012,0.496
Ohio,Lorain,39093.0,21144,0.561
Ohio,Lucas,39095.0,32137,0.569
Ohio,Madison,39097.0,1225,0.568
Ohio,Mahoning,39099.0,21000,0.593
Ohio,Marion,39101.0,2585,0.569
Ohio,Medina,39103.0,7913,0.531
Ohio,Meigs,39105.0,800,0.499
Ohio,Mercer,39107.0,1037,0.535
Ohio,Miami,39109.0,3155,0.532
Ohio,Monroe,39111.0,1191,0.48100000000000004
Ohio,Montgomery,39113.0,33352,0.594
Ohio,Morgan,39115.0,566,0.562
Ohio,Morrow,39117.0,1164,0.521
Ohio,Muskingum,39119.0,3066,0.5660000000000001
Ohio,Noble,39121.0,522,0.539
Ohio,Ottawa,39123.0,2566,0.5539999999999999
Ohio,Paulding,39125.0,723,0.5579999999999999
Ohio,Perry,39127.0,1465,0.5670000000000001
Ohio,Pickaway,39129.0,2097,0.556
Ohio,Pike,39131.0,1336,0.568
Ohio,Portage,39133.0,8665,0.49
Ohio,Preble,39135.0,1176,0.522
Ohio,Putnam,39137.0,811,0.45299999999999996
Ohio,Richland,39139.0,5225,0.555
Ohio,Ross,39141.0,3582,0.5720000000000001
Ohio,Sandusky,39143.0,2866,0.534
Ohio,Scioto,39145.0,3499,0.537
Ohio,Seneca,39147.0,2081,0.496
Ohio,Shelby,39149.0,1284,0.523
Ohio,Stark,39151.0,21515,0.565
Ohio,Summit,39153.0,38874,0.5660000000000001
Ohio,Trumbull,39155.0,17903,0.539
Ohio,Tuscarawas,39157.0,4479,0.516
Ohio,Union,39159.0,1580,0.508
Ohio,Van Wert,39161.0,710,0.519
Ohio,Vinton,39163.0,515,0.495
Ohio,Warren,39165.0,6970,0.5329999999999999
Ohio,Washington,39167.0,2557,0.505
Ohio,Wayne,39169.0,3448,0.513
Ohio,Williams,39171.0,1007,0.45799999999999996
Ohio,Wood,39173.0,6108,0.45799999999999996
Ohio,Wyandot,39175.0,661,0.49700000000000005
Oklahoma,Adair,40001.0,582,0.33399999999999996
Oklahoma,Alfalfa,40003.0,92,0.28
Oklahoma,Atoka,40005.0,370,0.284
Oklahoma,Beaver,40007.0,52,0.289
Oklahoma,Beckham,40009.0,464,0.312
Oklahoma,Blaine,40011.0,313,0.373
Oklahoma,Bryan,40013.0,1050,0.312
Oklahoma,Caddo,40015.0,1060,0.364
Oklahoma,Canadian,40017.0,3357,0.384
Oklahoma,Carter,40019.0,1240,0.32299999999999995
Oklahoma,Cherokee,40021.0,2023,0.387
Oklahoma,Choctaw,40023.0,384,0.29
Oklahoma,Cimarron,40025.0,22,0.175
Oklahoma,Cleveland,40027.0,10433,0.376
Oklahoma,Coal,40029.0,136,0.19
Oklahoma,Comanche,40031.0,3523,0.449
Oklahoma,Cotton,40033.0,204,0.297
Oklahoma,Craig,40035.0,609,0.358
Oklahoma,Creek,40037.0,2301,0.42
Oklahoma,Custer,40039.0,750,0.336
Oklahoma,Delaware,40041.0,1447,0.41200000000000003
Oklahoma,Dewey,40043.0,134,0.275
Oklahoma,Ellis,40045.0,70,0.233
Oklahoma,Garfield,40047.0,1403,0.413
Oklahoma,Garvin,40049.0,909,0.327
Oklahoma,Grady,40051.0,1629,0.342
Oklahoma,Grant,40053.0,125,0.319
Oklahoma,Greer,40055.0,164,0.276
Oklahoma,Harmon,40057.0,122,0.37200000000000005
Oklahoma,Harper,40059.0,68,0.261
Oklahoma,Haskell,40061.0,475,0.32799999999999996
Oklahoma,Hughes,40063.0,537,0.33
Oklahoma,Jackson,40065.0,505,0.386
Oklahoma,Jefferson,40067.0,197,0.294
Oklahoma,Johnston,40069.0,260,0.248
Oklahoma,Kay,40071.0,1288,0.385
Oklahoma,Kingfisher,40073.0,268,0.332
Oklahoma,Kiowa,40075.0,331,0.348
Oklahoma,Latimer,40077.0,499,0.312
Oklahoma,LeFlore,40079.0,1498,0.331
Oklahoma,Lincoln,40081.0,1161,0.385
Oklahoma,Logan,40083.0,1314,0.42100000000000004
Oklahoma,Love,40085.0,314,0.32
Oklahoma,Major,40093.0,140,0.34700000000000003
Oklahoma,Marshall,40095.0,400,0.303
Oklahoma,Mayes,40097.0,1659,0.4
Oklahoma,McClain,40087.0,1157,0.354
Oklahoma,McCurtain,40089.0,712,0.28300000000000003
Oklahoma,McIntosh,40091.0,1022,0.402
Oklahoma,Murray,40099.0,544,0.327
Oklahoma,Muskogee,40101.0,3381,0.44799999999999995
Oklahoma,Noble,40103.0,362,0.353
Oklahoma,Nowata,40105.0,406,0.382
Oklahoma,Okfuskee,40107.0,421,0.369
Oklahoma,Oklahoma,40109.0,34255,0.501
Oklahoma,Okmulgee,40111.0,1867,0.457
Oklahoma,Osage,40113.0,2390,0.475
Oklahoma,Ottawa,40115.0,972,0.39299999999999996
Oklahoma,Pawnee,40117.0,603,0.405
Oklahoma,Payne,40119.0,2622,0.389
Oklahoma,Pittsburg,40121.0,1717,0.316
Oklahoma,Pontotoc,40123.0,1186,0.29600000000000004
Oklahoma,Pottawatomie,40125.0,2300,0.375
Oklahoma,Pushmataha,40127.0,317,0.267
Oklahoma,Roger Mills,40129.0,100,0.21600000000000003
Oklahoma,Rogers,40131.0,2810,0.396
Oklahoma,Seminole,40133.0,932,0.391
Oklahoma,Sequoyah,40135.0,1359,0.36
Oklahoma,Stephens,40137.0,1174,0.312
Oklahoma,Texas,40139.0,267,0.317
Oklahoma,Tillman,40141.0,214,0.332
Oklahoma,Tulsa,40143.0,25372,0.474
Oklahoma,Wagoner,40145.0,2493,0.435
Oklahoma,Washington,40147.0,1649,0.424
Oklahoma,Washita,40149.0,292,0.251
Oklahoma,Woods,40151.0,217,0.33799999999999997
Oklahoma,Woodward,40153.0,343,0.308
Oregon,Baker,41001.0,493,0.39899999999999997
Oregon,Benton,41003.0,7348,0.38799999999999996
Oregon,Clackamas,41005.0,26378,0.485
Oregon,Clatsop,41007.0,2628,0.441
Oregon,Columbia,41009.0,3045,0.419
Oregon,Coos,41011.0,3472,0.439
Oregon,Crook,41013.0,840,0.452
Oregon,Curry,41015.0,1424,0.47600000000000003
Oregon,Deschutes,41017.0,10812,0.467
Oregon,Douglas,41019.0,4499,0.442
Oregon,Gilliam,41021.0,101,0.502
Oregon,Grant,41023.0,213,0.359
Oregon,Harney,41025.0,236,0.401
Oregon,Hood River,41027.0,1633,0.39299999999999996
Oregon,Jackson,41029.0,12483,0.43700000000000006
Oregon,Jefferson,41031.0,799,0.48
Oregon,Josephine,41033.0,3988,0.433
Oregon,Klamath,41035.0,2275,0.446
Oregon,Lake,41037.0,199,0.40399999999999997
Oregon,Lane,41039.0,26772,0.39
Oregon,Lincoln,41041.0,4027,0.46299999999999997
Oregon,Linn,41043.0,4943,0.419
Oregon,Malheur,41045.0,566,0.48
Oregon,Marion,41047.0,13920,0.47
Oregon,Morrow,41049.0,292,0.46799999999999997
Oregon,Multnomah,41051.0,65735,0.43
Oregon,Polk,41053.0,4440,0.455
Oregon,Sherman,41055.0,67,0.45299999999999996
Oregon,Tillamook,41057.0,1899,0.462
Oregon,Umatilla,41059.0,2003,0.467
Oregon,Union,41061.0,929,0.409
Oregon,Wallowa,41063.0,331,0.401
Oregon,Wasco,41065.0,1259,0.41200000000000003
Oregon,Washington,41067.0,36321,0.465
Oregon,Wheeler,41069.0,48,0.358
Oregon,Yamhill,41071.0,5321,0.452
Pennsylvania,Adams,42001.0,3846,0.48200000000000004
Pennsylvania,Allegheny,42003.0,122399,0.551
Pennsylvania,Armstrong,42005.0,2924,0.48200000000000004
Pennsylvania,Beaver,42007.0,12963,0.5670000000000001
Pennsylvania,Bedford,42009.0,1387,0.49
Pennsylvania,Berks,42011.0,20470,0.483
Pennsylvania,Blair,42013.0,3816,0.466
Pennsylvania,Bradford,42015.0,1761,0.488
Pennsylvania,Bucks,42017.0,46876,0.5589999999999999
Pennsylvania,Butler,42019.0,8529,0.521
Pennsylvania,Cambria,42021.0,8304,0.47100000000000003
Pennsylvania,Cameron,42023.0,176,0.41700000000000004
Pennsylvania,Carbon,42025.0,3334,0.48700000000000004
Pennsylvania,Centre,42027.0,8431,0.44799999999999995
Pennsylvania,Chester,42029.0,32985,0.557
Pennsylvania,Clarion,42031.0,1528,0.493
Pennsylvania,Clearfield,42033.0,3084,0.47100000000000003
Pennsylvania,Clinton,42035.0,1647,0.485
Pennsylvania,Columbia,42037.0,2382,0.40299999999999997
Pennsylvania,Crawford,42039.0,3559,0.484
Pennsylvania,Cumberland,42041.0,11997,0.514
Pennsylvania,Dauphin,42043.0,18397,0.569
Pennsylvania,Delaware,42045.0,44775,0.597
Pennsylvania,Elk,42047.0,1528,0.451
Pennsylvania,Erie,42049.0,19511,0.518
Pennsylvania,Fayette,42051.0,9184,0.5770000000000001
Pennsylvania,Forest,42053.0,251,0.521
Pennsylvania,Franklin,42055.0,4700,0.517
Pennsylvania,Fulton,42057.0,366,0.489
Pennsylvania,Greene,42059.0,2166,0.521
Pennsylvania,Huntingdon,42061.0,1302,0.433
Pennsylvania,Indiana,42063.0,3915,0.507
Pennsylvania,Jefferson,42065.0,1204,0.433
Pennsylvania,Juniata,42067.0,638,0.45
Pennsylvania,Lackawanna,42069.0,22971,0.565
Pennsylvania,Lancaster,42071.0,19780,0.48
Pennsylvania,Lawrence,42073.0,5842,0.5870000000000001
Pennsylvania,Lebanon,42075.0,4529,0.498
Pennsylvania,Lehigh,42077.0,19767,0.524
Pennsylvania,Luzerne,42079.0,20530,0.52
Pennsylvania,Lycoming,42081.0,3803,0.44
Pennsylvania,McKean,42083.0,1013,0.457
Pennsylvania,Mercer,42085.0,6323,0.568
Pennsylvania,Mifflin,42087.0,1201,0.483
Pennsylvania,Monroe,42089.0,7901,0.5329999999999999
Pennsylvania,Montgomery,42091.0,75333,0.59
Pennsylvania,Montour,42093.0,845,0.479
Pennsylvania,Northampton,42095.0,17804,0.512
Pennsylvania,Northumberland,42097.0,3436,0.485
Pennsylvania,Perry,42099.0,1326,0.426
Pennsylvania,Philadelphia,42101.0,212785,0.626
Pennsylvania,Pike,42103.0,2006,0.512
Pennsylvania,Potter,42105.0,402,0.41100000000000003
Pennsylvania,Schuylkill,42107.0,6533,0.513
Pennsylvania,Snyder,42109.0,1125,0.504
Pennsylvania,Somerset,42111.0,3112,0.48200000000000004
Pennsylvania,Sullivan,42113.0,312,0.503
Pennsylvania,Susquehanna,42115.0,1680,0.505
Pennsylvania,Tioga,42117.0,991,0.433
Pennsylvania,Union,42119.0,1548,0.502
Pennsylvania,Venango,42121.0,1935,0.48
Pennsylvania,Warren,42123.0,1753,0.514
Pennsylvania,Washington,42125.0,15390,0.5720000000000001
Pennsylvania,Wayne,42127.0,1842,0.474
Pennsylvania,Westmoreland,42129.0,24968,0.5429999999999999
Pennsylvania,Wyoming,42131.0,1123,0.483
Pennsylvania,York,42133.0,18445,0.507
Rhode Island,Barrington,94400001.0,1490,0.512
Rhode Island,Bristol,94400002.0,1165,0.466
Rhode Island,Burrillville,94400003.0,451,0.34
Rhode Island,Central Falls,94400004.0,850,0.585
Rhode Island,Charlestown,94400005.0,413,0.353
Rhode Island,Coventry,94400006.0,1194,0.36200000000000004
Rhode Island,Cranston,94400007.0,3438,0.429
Rhode Island,Cumberland,94400008.0,1804,0.419
Rhode Island,East Greenwich,94400009.0,762,0.505
Rhode Island,East Providence,94400010.0,2489,0.441
Rhode Island,Exeter,94400011.0,239,0.341
Rhode Island,Foster,94400012.0,144,0.29100000000000004
Rhode Island,Glocester,94400013.0,306,0.301
Rhode Island,Hopkinton,94400014.0,243,0.302
Rhode Island,Jamestown,94400015.0,542,0.439
Rhode Island,Johnston,94400016.0,1331,0.426
Rhode Island,Lincoln,94400017.0,1008,0.42200000000000004
Rhode Island,Little Compton,94400018.0,255,0.447
Rhode Island,Mail Ballots C.D. 1,94400040.0,1389,0.545
Rhode Island,Mail Ballots C.D. 2,94400041.0,1005,0.491
Rhode Island,Middletown,94400019.0,693,0.409
Rhode Island,Narragansett,94400020.0,921,0.423
Rhode Island,New Shoreham,94400022.0,107,0.34700000000000003
Rhode Island,Newport,94400021.0,1169,0.424
Rhode Island,North Kingstown,94400023.0,1454,0.395
Rhode Island,North Providence,94400024.0,1702,0.44
Rhode Island,North Smithfield,94400025.0,518,0.396
Rhode Island,Pawtucket,94400026.0,3430,0.493
Rhode Island,Portsmouth,94400027.0,927,0.42
Rhode Island,Providence,94400028.0,9247,0.47600000000000003
Rhode Island,Richmond,94400029.0,283,0.316
Rhode Island,Scituate,94400030.0,304,0.317
Rhode Island,Smithfield,94400031.0,814,0.42200000000000004
Rhode Island,South Kingstown,94400032.0,1629,0.373
Rhode Island,Tiverton,94400033.0,847,0.428
Rhode Island,Warren,94400034.0,555,0.402
Rhode Island,Warwick,94400035.0,3964,0.395
Rhode Island,West Greenwich,94400037.0,183,0.325
Rhode Island,West Warwick,94400038.0,1059,0.42100000000000004
Rhode Island,Westerly,94400036.0,847,0.40399999999999997
Rhode Island,Woonsocket,94400039.0,1322,0.426
South Carolina,Abbeville,45001.0,1501,0.818
South Carolina,Aiken,45003.0,6888,0.7020000000000001
South Carolina,Allendale,45005.0,1022,0.9079999999999999
South Carolina,Anderson,45007.0,5550,0.669
South Carolina,Bamberg,45009.0,1715,0.883
South Carolina,Barnwell,45011.0,1560,0.8740000000000001
South Carolina,Beaufort,45013.0,9945,0.733
South Carolina,Berkeley,45015.0,9471,0.72
South Carolina,Calhoun,45017.0,1536,0.861
South Carolina,Charleston,45019.0,26535,0.66
South Carolina,Cherokee,45021.0,1870,0.779
South Carolina,Chester,45023.0,1962,0.7959999999999999
South Carolina,Chesterfield,45025.0,2209,0.828
South Carolina,Clarendon,45027.0,3564,0.9079999999999999
South Carolina,Colleton,45029.0,2932,0.825
South Carolina,Darlington,45031.0,4988,0.8190000000000001
South Carolina,Dillon,45033.0,1615,0.841
South Carolina,Dorchester,45035.0,6920,0.7020000000000001
South Carolina,Edgefield,45037.0,1474,0.818
South Carolina,Fairfield,45039.0,3260,0.8740000000000001
South Carolina,Florence,45041.0,9411,0.78
South Carolina,Georgetown,45043.0,4931,0.778
South Carolina,Greenville,45045.0,19807,0.6409999999999999
South Carolina,Greenwood,45047.0,3588,0.774
South Carolina,Hampton,45049.0,1930,0.88
South Carolina,Horry,45051.0,11294,0.672
South Carolina,Jasper,45053.0,2194,0.851
South Carolina,Kershaw,45055.0,3743,0.7709999999999999
South Carolina,Lancaster,45057.0,3332,0.73
South Carolina,Laurens,45059.0,2952,0.784
South Carolina,Lee,45061.0,2207,0.8759999999999999
South Carolina,Lexington,45063.0,8810,0.609
South Carolina,Marion,45067.0,3359,0.8540000000000001
South Carolina,Marlboro,45069.0,2132,0.89
South Carolina,McCormick,45065.0,973,0.851
South Carolina,Newberry,45071.0,2118,0.81
South Carolina,Oconee,45073.0,1960,0.596
South Carolina,Orangeburg,45075.0,11819,0.887
South Carolina,Pickens,45077.0,2499,0.555
South Carolina,Richland,45079.0,39243,0.758
South Carolina,Saluda,45081.0,1023,0.8370000000000001
South Carolina,Spartanburg,45083.0,10662,0.703
South Carolina,Sumter,45085.0,9816,0.866
South Carolina,Union,45087.0,1690,0.8340000000000001
South Carolina,Williamsburg,45089.0,4609,0.885
South Carolina,York,45091.0,8895,0.635
South Dakota,Aurora,46003.0,150,0.532
South Dakota,Beadle,46005.0,501,0.573
South Dakota,Bennett,46007.0,74,0.43799999999999994
South Dakota,Bon Homme,46009.0,225,0.5329999999999999
South Dakota,Brookings,46011.0,955,0.515
South Dakota,Brown,46013.0,1369,0.546
South Dakota,Brule,46015.0,182,0.45399999999999996
South Dakota,Buffalo,46017.0,110,0.608
South Dakota,Butte,46019.0,167,0.37
South Dakota,Campbell,46021.0,20,0.435
South Dakota,Charles Mix,46023.0,293,0.514
South Dakota,Clark,46025.0,112,0.5660000000000001
South Dakota,Clay,46027.0,623,0.506
South Dakota,Codington,46029.0,828,0.562
South Dakota,Corson,46031.0,115,0.43700000000000006
South Dakota,Custer,46033.0,245,0.47
South Dakota,Davison,46035.0,542,0.552
South Dakota,Day,46037.0,343,0.628
South Dakota,Deuel,46039.0,162,0.593
South Dakota,Dewey,46041.0,181,0.34600000000000003
South Dakota,Douglas,46043.0,48,0.565
South Dakota,Edmunds,46045.0,170,0.523
South Dakota,Fall River,46047.0,207,0.405
South Dakota,Faulk,46049.0,86,0.524
South Dakota,Grant,46051.0,528,0.5579999999999999
South Dakota,Gregory,46053.0,179,0.522
South Dakota,Haakon,46055.0,23,0.303
South Dakota,Hamlin,46057.0,181,0.5920000000000001
South Dakota,Hand,46059.0,105,0.517
South Dakota,Hanson,46061.0,97,0.539
South Dakota,Harding,46063.0,14,0.259
South Dakota,Hughes,46065.0,528,0.519
South Dakota,Hutchinson,46067.0,151,0.547
South Dakota,Hyde,46069.0,40,0.606
South Dakota,Jackson,46071.0,59,0.461
South Dakota,Jerauld,46073.0,96,0.596
South Dakota,Jones,46075.0,20,0.392
South Dakota,Kingsbury,46077.0,201,0.551
South Dakota,Lake,46079.0,484,0.515
South Dakota,Lawrence,46081.0,705,0.428
South Dakota,Lincoln,46083.0,1436,0.555
South Dakota,Lyman,46085.0,115,0.5
South Dakota,Marshall,46091.0,287,0.629
South Dakota,McCook,46087.0,214,0.618
South Dakota,McPherson,46089.0,47,0.505
South Dakota,Meade,46093.0,530,0.43200000000000005
South Dakota,Mellette,46095.0,50,0.397
South Dakota,Miner,46097.0,109,0.565
South Dakota,Minnehaha,46099.0,6018,0.532
South Dakota,Moody,46101.0,262,0.5589999999999999
South Dakota,Oglala Lakota,46113.0,425,0.425
South Dakota,Pennington,46103.0,3384,0.45899999999999996
South Dakota,Perkins,46105.0,43,0.316
South Dakota,Potter,46107.0,59,0.522
South Dakota,Roberts,46109.0,392,0.49700000000000005
South Dakota,Sanborn,46111.0,66,0.595
South Dakota,Spink,46115.0,283,0.585
South Dakota,Stanley,46117.0,95,0.48200000000000004
South Dakota,Sully,46119.0,37,0.42
South Dakota,Todd,46121.0,408,0.43799999999999994
South Dakota,Tripp,46123.0,136,0.48100000000000004
South Dakota,Turner,46125.0,232,0.5660000000000001
South Dakota,Union,46127.0,380,0.5539999999999999
South Dakota,Walworth,46129.0,121,0.511
South Dakota,Yankton,46135.0,706,0.5489999999999999
South Dakota,Ziebach,46137.0,92,0.41100000000000003
Tennessee,Anderson,47001.0,2328,0.547
Tennessee,Bedford,47003.0,1208,0.6779999999999999
Tennessee,Benton,47005.0,560,0.635
Tennessee,Bledsoe,47007.0,398,0.607
Tennessee,Blount,47009.0,2736,0.531
Tennessee,Bradley,47011.0,1644,0.552
Tennessee,Campbell,47013.0,656,0.667
Tennessee,Cannon,47015.0,439,0.645
Tennessee,Carroll,47017.0,721,0.6759999999999999
Tennessee,Carter,47019.0,774,0.47600000000000003
Tennessee,Cheatham,47021.0,1065,0.562
Tennessee,Chester,47023.0,342,0.69
Tennessee,Claiborne,47025.0,544,0.617
Tennessee,Clay,47027.0,270,0.7090000000000001
Tennessee,Cocke,47029.0,463,0.556
Tennessee,Coffee,47031.0,1503,0.625
Tennessee,Crockett,47033.0,424,0.785
Tennessee,Cumberland,47035.0,1312,0.578
Tennessee,Davidson,47037.0,43691,0.653
Tennessee,DeKalb,47041.0,641,0.691
Tennessee,Decatur,47039.0,330,0.675
Tennessee,Dickson,47043.0,1497,0.6709999999999999
Tennessee,Dyer,47045.0,822,0.715
Tennessee,Fayette,47047.0,2003,0.841
Tennessee,Fentress,47049.0,352,0.632
Tennessee,Franklin,47051.0,1590,0.648
Tennessee,Gibson,47053.0,1549,0.768
Tennessee,Giles,47055.0,915,0.732
Tennessee,Grainger,47057.0,283,0.611
Tennessee,Greene,47059.0,1079,0.534
Tennessee,Grundy,47061.0,445,0.648
Tennessee,Hamblen,47063.0,951,0.565
Tennessee,Hamilton,47065.0,15598,0.644
Tennessee,Hancock,47067.0,80,0.537
Tennessee,Hardeman,47069.0,1721,0.877
Tennessee,Hardin,47071.0,591,0.7070000000000001
Tennessee,Hawkins,47073.0,906,0.5870000000000001
Tennessee,Haywood,47075.0,1197,0.8859999999999999
Tennessee,Henderson,47077.0,443,0.6890000000000001
Tennessee,Henry,47079.0,957,0.662
Tennessee,Hickman,47081.0,543,0.609
Tennessee,Houston,47083.0,320,0.6709999999999999
Tennessee,Humphreys,47085.0,737,0.677
Tennessee,Jackson,47087.0,407,0.653
Tennessee,Jefferson,47089.0,735,0.542
Tennessee,Johnson,47091.0,245,0.516
Tennessee,Knox,47093.0,13137,0.51
Tennessee,Lake,47095.0,186,0.778
Tennessee,Lauderdale,47097.0,1035,0.8290000000000001
Tennessee,Lawrence,47099.0,1332,0.536
Tennessee,Lewis,47101.0,232,0.49200000000000005
Tennessee,Lincoln,47103.0,728,0.6729999999999999
Tennessee,Loudon,47105.0,1026,0.605
Tennessee,Macon,47111.0,343,0.652
Tennessee,Madison,47113.0,4351,0.807
Tennessee,Marion,47115.0,1046,0.62
Tennessee,Marshall,47117.0,838,0.674
Tennessee,Maury,47119.0,2366,0.636
Tennessee,McMinn,47107.0,1027,0.608
Tennessee,McNairy,47109.0,719,0.745
Tennessee,Meigs,47121.0,354,0.6629999999999999
Tennessee,Monroe,47123.0,1232,0.636
Tennessee,Montgomery,47125.0,5555,0.652
Tennessee,Moore,47127.0,209,0.6509999999999999
Tennessee,Morgan,47129.0,356,0.5870000000000001
Tennessee,Obion,47131.0,760,0.653
Tennessee,Overton,47133.0,885,0.591
Tennessee,Perry,47135.0,215,0.65
Tennessee,Pickett,47137.0,214,0.7559999999999999
Tennessee,Polk,47139.0,757,0.479
Tennessee,Putnam,47141.0,1916,0.519
Tennessee,Rhea,47143.0,503,0.5760000000000001
Tennessee,Roane,47145.0,1454,0.601
Tennessee,Robertson,47147.0,1918,0.685
Tennessee,Rutherford,47149.0,8243,0.5720000000000001
Tennessee,Scott,47151.0,273,0.583
Tennessee,Sequatchie,47153.0,273,0.561
Tennessee,Sevier,47155.0,1259,0.494
Tennessee,Shelby,47157.0,66465,0.8009999999999999
Tennessee,Smith,47159.0,654,0.706
Tennessee,Stewart,47161.0,527,0.66
Tennessee,Sullivan,47163.0,2653,0.541
Tennessee,Sumner,47165.0,4225,0.643
Tennessee,Tipton,47167.0,1454,0.711
Tennessee,Trousdale,47169.0,321,0.725
Tennessee,Unicoi,47171.0,244,0.46
Tennessee,Union,47173.0,316,0.601
Tennessee,Van Buren,47175.0,242,0.6759999999999999
Tennessee,Warren,47177.0,1318,0.643
Tennessee,Washington,47179.0,2444,0.45799999999999996
Tennessee,Wayne,47181.0,208,0.63
Tennessee,Weakley,47183.0,860,0.632
Tennessee,White,47185.0,688,0.606
Tennessee,Williamson,47187.0,6055,0.603
Tennessee,Wilson,47189.0,3873,0.6409999999999999
Texas,Anderson,48001.0,994,0.7559999999999999
Texas,Andrews,48003.0,76,0.6609999999999999
Texas,Angelina,48005.0,1950,0.737
Texas,Aransas,48007.0,488,0.63
Texas,Archer,48009.0,99,0.589
Texas,Armstrong,48011.0,1,0.2
Texas,Atascosa,48013.0,1355,0.7170000000000001
Texas,Austin,48015.0,492,0.7340000000000001
Texas,Bailey,48017.0,84,0.7120000000000001
Texas,Bandera,48019.0,378,0.555
Texas,Bastrop,48021.0,2894,0.591
Texas,Baylor,48023.0,46,0.613
Texas,Bee,48025.0,1132,0.7509999999999999
Texas,Bell,48027.0,7416,0.6990000000000001
Texas,Bexar,48029.0,76502,0.6679999999999999
Texas,Blanco,48031.0,229,0.547
Texas,Borden,48033.0,4,0.8
Texas,Bosque,48035.0,353,0.626
Texas,Bowie,48037.0,2436,0.7609999999999999
Texas,Brazoria,48039.0,8996,0.696
Texas,Brazos,48041.0,3559,0.491
Texas,Brewster,48043.0,699,0.436
Texas,Briscoe,48045.0,16,0.5710000000000001
Texas,Brooks,48047.0,1603,0.7440000000000001
Texas,Brown,48049.0,319,0.585
Texas,Burleson,48051.0,469,0.74
Texas,Burnet,48053.0,871,0.594
Texas,Caldwell,48055.0,1657,0.652
Texas,Calhoun,48057.0,1024,0.675
Texas,Callahan,48059.0,86,0.441
Texas,Cameron,48061.0,20326,0.682
Texas,Camp,48063.0,484,0.7659999999999999
Texas,Carson,48065.0,50,0.625
Texas,Cass,48067.0,777,0.731
Texas,Castro,48069.0,127,0.738
Texas,Chambers,48071.0,687,0.68
Texas,Cherokee,48073.0,989,0.742
Texas,Childress,48075.0,54,0.5870000000000001
Texas,Clay,48077.0,120,0.628
Texas,Cochran,48079.0,4,0.5
Texas,Coke,48081.0,25,0.48100000000000004
Texas,Coleman,48083.0,75,0.6
Texas,Collin,48085.0,23591,0.5920000000000001
Texas,Collingsworth,48087.0,36,0.59
Texas,Colorado,48089.0,474,0.748
Texas,Comal,48091.0,3109,0.6
Texas,Comanche,48093.0,217,0.633
Texas,Concho,48095.0,27,0.6920000000000001
Texas,Cooke,48097.0,449,0.564
Texas,Coryell,48099.0,1010,0.627
Texas,Cottle,48101.0,26,0.565
Texas,Crane,48103.0,62,0.66
Texas,Crockett,48105.0,266,0.377
Texas,Crosby,48107.0,131,0.5820000000000001
Texas,Culberson,48109.0,355,0.62
Texas,Dallam,48111.0,24,0.615
Texas,Dallas,48113.0,113574,0.715
Texas,Dawson,48115.0,92,0.7020000000000001
Texas,De Witt,48123.0,293,0.703
Texas,Deaf Smith,48117.0,200,0.6779999999999999
Texas,Delta,48119.0,110,0.679
Texas,Denton,48121.0,16470,0.508
Texas,Dickens,48125.0,13,0.52
Texas,Dimmit,48127.0,1804,0.6890000000000001
Texas,Donley,48129.0,33,0.478
Texas,Duval,48131.0,2272,0.762
Texas,Eastland,48133.0,171,0.557
Texas,Ector,48135.0,1852,0.649
Texas,Edwards,48137.0,42,0.575
Texas,El Paso,48141.0,36067,0.66
Texas,Ellis,48139.0,3719,0.695
Texas,Erath,48143.0,427,0.525
Texas,Falls,48145.0,551,0.8140000000000001
Texas,Fannin,48147.0,505,0.63
Texas,Fayette,48149.0,584,0.639
Texas,Fisher,48151.0,226,0.5329999999999999
Texas,Floyd,48153.0,60,0.659
Texas,Foard,48155.0,80,0.34299999999999997
Texas,Fort Bend,48157.0,29248,0.746
Texas,Franklin,48159.0,163,0.6759999999999999
Texas,Freestone,48161.0,380,0.768
Texas,Frio,48163.0,1864,0.677
Texas,Gaines,48165.0,91,0.5579999999999999
Texas,Galveston,48167.0,9435,0.682
Texas,Garza,48169.0,35,0.565
Texas,Gillespie,48171.0,813,0.7190000000000001
Texas,Glasscock,48173.0,4,0.5
Texas,Goliad,48175.0,389,0.664
Texas,Gonzales,48177.0,368,0.723
Texas,Gray,48179.0,111,0.539
Texas,Grayson,48181.0,1940,0.528
Texas,Gregg,48183.0,3411,0.7809999999999999
Texas,Grimes,48185.0,583,0.731
Texas,Guadalupe,48187.0,3787,0.64
Texas,Hale,48189.0,312,0.603
Texas,Hall,48191.0,63,0.643
Texas,Hamilton,48193.0,118,0.565
Texas,Hansford,48195.0,21,0.583
Texas,Hardeman,48197.0,71,0.39399999999999996
Texas,Hardin,48199.0,625,0.595
Texas,Harris,48201.0,156729,0.705
Texas,Harrison,48203.0,2043,0.7879999999999999
Texas,Hartley,48205.0,29,0.5579999999999999
Texas,Haskell,48207.0,159,0.5870000000000001
Texas,Hays,48209.0,6625,0.469
Texas,Hemphill,48211.0,15,0.652
Texas,Henderson,48213.0,1593,0.716
Texas,Hidalgo,48215.0,40276,0.691
Texas,Hill,48217.0,718,0.691
Texas,Hockley,48219.0,183,0.583
Texas,Hood,48221.0,928,0.626
Texas,Hopkins,48223.0,628,0.6679999999999999
Texas,Houston,48225.0,464,0.8
Texas,Howard,48227.0,350,0.635
Texas,Hudspeth,48229.0,147,0.5379999999999999
Texas,Hunt,48231.0,1328,0.605
Texas,Hutchinson,48233.0,153,0.565
Texas,Irion,48235.0,28,0.6509999999999999
Texas,Jack,48237.0,87,0.621
Texas,Jackson,48239.0,266,0.706
Texas,Jasper,48241.0,932,0.7559999999999999
Texas,Jeff Davis,48243.0,140,0.496
Texas,Jefferson,48245.0,16580,0.769
Texas,Jim Hogg,48247.0,1421,0.75
Texas,Jim Wells,48249.0,4688,0.716
Texas,Johnson,48251.0,2270,0.585
Texas,Jones,48253.0,173,0.634
Texas,Karnes,48255.0,719,0.528
Texas,Kaufman,48257.0,2229,0.6970000000000001
Texas,Kendall,48259.0,641,0.562
Texas,Kenedy,48261.0,63,0.594
Texas,Kent,48263.0,22,0.36700000000000005
Texas,Kerr,48265.0,1016,0.584
Texas,Kimble,48267.0,29,0.446
Texas,King,48269.0,2,0.667
Texas,Kinney,48271.0,211,0.608
Texas,Kleberg,48273.0,1738,0.7070000000000001
Texas,Knox,48275.0,68,0.716
Texas,La Salle,48283.0,557,0.701
Texas,La Vaca,48285.0,322,0.685
Texas,Lamar,48277.0,923,0.693
Texas,Lamb,48279.0,172,0.5329999999999999
Texas,Lampasas,48281.0,324,0.6
Texas,Lee,48287.0,366,0.6559999999999999
Texas,Leon,48289.0,289,0.743
Texas,Liberty,48291.0,1041,0.715
Texas,Limestone,48293.0,592,0.7909999999999999
Texas,Lipscomb,48295.0,22,0.647
Texas,Live Oak,48297.0,203,0.677
Texas,Llano,48299.0,512,0.645
Texas,Loving,48301.0,3,0.25
Texas,Lubbock,48303.0,5767,0.574
Texas,Lynn,48305.0,14,0.583
Texas,Madison,48313.0,227,0.754
Texas,Marion,48315.0,421,0.7609999999999999
Texas,Martin,48317.0,36,0.59
Texas,Mason,48319.0,89,0.627
Texas,Matagorda,48321.0,1088,0.742
Texas,Maverick,48323.0,4342,0.695
Texas,McCulloch,48307.0,93,0.664
Texas,McLennan,48309.0,5531,0.67
Texas,McMullen,48311.0,4,0.8
Texas,Medina,48325.0,1070,0.698
Texas,Menard,48327.0,23,0.561
Texas,Midland,48329.0,1551,0.63
Texas,Milam,48331.0,577,0.6779999999999999
Texas,Mills,48333.0,50,0.532
Texas,Mitchell,48335.0,109,0.741
Texas,Montague,48337.0,153,0.5429999999999999
Texas,Montgomery,48339.0,7540,0.595
Texas,Moore,48341.0,149,0.598
Texas,Morris,48343.0,461,0.733
Texas,Motley,48345.0,13,0.684
Texas,Nacogdoches,48347.0,1597,0.652
Texas,Navarro,48349.0,955,0.725
Texas,Newton,48351.0,605,0.462
Texas,Nolan,48353.0,270,0.655
Texas,Nueces,48355.0,15662,0.705
Texas,Ochiltree,48357.0,35,0.53
Texas,Oldham,48359.0,11,0.688
Texas,Orange,48361.0,1852,0.6809999999999999
Texas,Palo Pinto,48363.0,361,0.595
Texas,Panola,48365.0,559,0.8009999999999999
Texas,Parker,48367.0,1800,0.545
Texas,Parmer,48369.0,82,0.726
Texas,Pecos,48371.0,816,0.5539999999999999
Texas,Polk,48373.0,859,0.713
Texas,Potter,48375.0,1490,0.5660000000000001
Texas,Presidio,48377.0,776,0.574
Texas,Rains,48379.0,173,0.643
Texas,Randall,48381.0,1586,0.511
Texas,Reagan,48383.0,12,0.632
Texas,Real,48385.0,28,0.5379999999999999
Texas,Red River,48387.0,377,0.79
Texas,Reeves,48389.0,1128,0.596
Texas,Refugio,48391.0,549,0.642
Texas,Roberts,48393.0,3,0.6
Texas,Robertson,48395.0,893,0.7090000000000001
Texas,Rockwall,48397.0,1722,0.596
Texas,Runnels,48399.0,80,0.5760000000000001
Texas,Rusk,48401.0,1114,0.7809999999999999
Texas,Sabine,48403.0,192,0.664
Texas,San Augustine,48405.0,366,0.83
Texas,San Jacinto,48407.0,561,0.72
Texas,San Patricio,48409.0,2633,0.732
Texas,San Saba,48411.0,58,0.674
Texas,Schleicher,48413.0,58,0.644
Texas,Scurry,48415.0,154,0.616
Texas,Shackelford,48417.0,15,0.5
Texas,Shelby,48419.0,346,0.778
Texas,Sherman,48421.0,19,0.613
Texas,Smith,48423.0,5752,0.736
Texas,Somervell,48425.0,66,0.508
Texas,Starr,48427.0,6918,0.778
Texas,Stephens,48429.0,45,0.556
Texas,Sterling,48431.0,5,0.5
Texas,Stonewall,48433.0,59,0.578
Texas,Sutton,48435.0,27,0.6920000000000001
Texas,Swisher,48437.0,141,0.605
Texas,Tarrant,48439.0,67590,0.6509999999999999
Texas,Taylor,48441.0,1789,0.546
Texas,Terrell,48443.0,67,0.435
Texas,Terry,48445.0,141,0.59
Texas,Throckmorton,48447.0,26,0.619
Texas,Titus,48449.0,475,0.701
Texas,Tom Green,48451.0,1650,0.5589999999999999
Texas,Travis,48453.0,69314,0.48200000000000004
Texas,Trinity,48455.0,333,0.718
Texas,Tyler,48457.0,453,0.743
Texas,Upshur,48459.0,725,0.7170000000000001
Texas,Upton,48461.0,91,0.5579999999999999
Texas,Uvalde,48463.0,1740,0.633
Texas,Val Verde,48465.0,1777,0.657
Texas,Van Zandt,48467.0,722,0.6409999999999999
Texas,Victoria,48469.0,2205,0.645
Texas,Walker,48471.0,1290,0.613
Texas,Waller,48473.0,1221,0.675
Texas,Ward,48475.0,306,0.622
Texas,Washington,48477.0,781,0.731
Texas,Webb,48479.0,18559,0.7190000000000001
Texas,Wharton,48481.0,960,0.7859999999999999
Texas,Wheeler,48483.0,37,0.597
Texas,Wichita,48485.0,1958,0.552
Texas,Wilbarger,48487.0,136,0.615
Texas,Willacy,48489.0,2072,0.701
Texas,Williamson,48491.0,16374,0.527
Texas,Wilson,48493.0,1280,0.7140000000000001
Texas,Winkler,48495.0,30,0.698
Texas,Wise,48497.0,750,0.562
Texas,Wood,48499.0,660,0.687
Texas,Yoakum,48501.0,9,0.429
Texas,Young,48503.0,198,0.586
Texas,Zapata,48505.0,1969,0.6779999999999999
Texas,Zavala,48507.0,1557,0.755
Utah,Beaver,49001.0,0,0.0
Utah,Box Elder,49003.0,90,0.242
Utah,Cache,49005.0,630,0.177
Utah,Carbon,49007.0,128,0.335
Utah,Daggett,49009.0,1,0.067
Utah,Davis,49011.0,747,0.17300000000000001
Utah,Duchesne,49013.0,37,0.294
Utah,Emery,49015.0,26,0.257
Utah,Garfield,49017.0,23,0.23199999999999998
Utah,Grand,49019.0,161,0.20199999999999999
Utah,Iron,49021.0,142,0.18100000000000002
Utah,Juab,49023.0,16,0.225
Utah,Kane,49025.0,50,0.21
Utah,Millard,49027.0,9,0.36
Utah,Morgan,49029.0,39,0.26
Utah,Piute,49031.0,0,0.0
Utah,Rich,49033.0,0,0.0
Utah,Salt Lake,49035.0,9431,0.209
Utah,San Juan,49037.0,44,0.35200000000000004
Utah,Sanpete,49039.0,44,0.141
Utah,Sevier,49041.0,34,0.28600000000000003
Utah,Summit,49043.0,751,0.312
Utah,Tooele,49045.0,240,0.195
Utah,Uintah,49047.0,39,0.22
Utah,Utah,49049.0,1011,0.142
Utah,Wasatch,49051.0,170,0.233
Utah,Washington,49053.0,660,0.304
Utah,Wayne,49055.0,30,0.297
Utah,Weber,49057.0,1113,0.16899999999999998
Vermont,Addison,95000001.0,40,0.13699999999999998
Vermont,Albany,95000002.0,16,0.10300000000000001
Vermont,Alburgh,95000003.0,31,0.08900000000000001
Vermont,Andover,95000004.0,14,0.122
Vermont,Arlington,95000005.0,84,0.174
Vermont,Athens,95000006.0,5,0.081
Vermont,Bakersfield,95000007.0,22,0.083
Vermont,Baltimore,95000008.0,1,0.023
Vermont,Barnard,95000009.0,46,0.177
Vermont,Barnet,95000010.0,31,0.091
Vermont,Barre,95000011.0,141,0.11699999999999999
Vermont,Barre Town,95000012.0,149,0.121
Vermont,Barton,95000013.0,25,0.073
Vermont,Belvidere,95000014.0,3,0.061
Vermont,Bennington,95000015.0,400,0.158
Vermont,Benson,95000016.0,19,0.107
Vermont,Berkshire,95000017.0,11,0.057
Vermont,Berlin,95000018.0,53,0.10300000000000001
Vermont,Bethel,95000019.0,43,0.10300000000000001
Vermont,Bloomfield,95000020.0,6,0.125
Vermont,Bolton,95000021.0,33,0.10099999999999999
Vermont,Bradford,95000022.0,57,0.12
Vermont,Braintree,95000023.0,18,0.075
Vermont,Brandon,95000024.0,103,0.133
Vermont,Brattleboro,95000025.0,422,0.126
Vermont,Bridgewater,95000026.0,24,0.127
Vermont,Bridport,95000027.0,26,0.12
Vermont,Brighton,95000028.0,35,0.157
Vermont,Bristol,95000029.0,76,0.085
Vermont,Brookfield,95000030.0,36,0.115
Vermont,Brookline,95000031.0,15,0.10300000000000001
Vermont,Brownington,95000032.0,7,0.063
Vermont,Brunswick,95000033.0,4,0.16699999999999998
Vermont,Burke,95000034.0,37,0.11699999999999999
Vermont,Burlington,95000035.0,1471,0.139
Vermont,Cabot,95000036.0,36,0.10099999999999999
Vermont,Calais,95000037.0,46,0.086
Vermont,Cambridge,95000038.0,59,0.078
Vermont,Canaan,95000039.0,21,0.13699999999999998
Vermont,Castleton,95000040.0,103,0.158
Vermont,Cavendish,95000041.0,29,0.10300000000000001
Vermont,Charleston,95000042.0,14,0.105
Vermont,Charlotte,95000043.0,268,0.21100000000000002
Vermont,Chelsea,95000044.0,20,0.098
Vermont,Chester,95000045.0,78,0.11599999999999999
Vermont,Chittenden,95000046.0,27,0.096
Vermont,Clarendon,95000047.0,37,0.105
Vermont,Colchester,95000048.0,432,0.138
Vermont,Concord,95000049.0,21,0.109
Vermont,Corinth,95000050.0,29,0.102
Vermont,Cornwall,95000051.0,78,0.21100000000000002
Vermont,Coventry,95000052.0,16,0.081
Vermont,Craftsbury,95000053.0,24,0.087
Vermont,Danby,95000054.0,38,0.145
Vermont,Danville,95000055.0,55,0.127
Vermont,Derby,95000056.0,118,0.161
Vermont,Dorset,95000057.0,104,0.204
Vermont,Dover,95000058.0,34,0.122
Vermont,Dummerston,95000059.0,76,0.121
Vermont,Duxbury,95000060.0,27,0.07200000000000001
Vermont,East Haven,95000061.0,6,0.083
Vermont,East Montpelier,95000062.0,108,0.128
Vermont,Eden,95000063.0,13,0.078
Vermont,Elmore,95000064.0,33,0.124
Vermont,Enosburgh,95000065.0,28,0.086
Vermont,Essex,95000066.0,549,0.131
Vermont,Fair Haven,95000069.0,42,0.105
Vermont,Fairfax,95000067.0,95,0.10400000000000001
Vermont,Fairfield,95000068.0,46,0.122
Vermont,Fairlee,95000070.0,20,0.071
Vermont,Fayston,95000071.0,42,0.129
Vermont,Ferrisburg,95000072.0,90,0.126
Vermont,Fletcher,95000073.0,21,0.076
Vermont,Franklin,95000074.0,16,0.085
Vermont,Georgia,95000075.0,68,0.085
Vermont,Glover,95000076.0,22,0.1
Vermont,Goshen,95000077.0,14,0.203
Vermont,Grafton,95000078.0,26,0.133
Vermont,Granby,95000079.0,2,0.133
Vermont,Grand Isle,95000080.0,68,0.13699999999999998
Vermont,Granville,95000081.0,5,0.055
Vermont,Greensboro,95000082.0,31,0.17800000000000002
Vermont,Groton,95000083.0,18,0.11
Vermont,Guildhall,95000084.0,6,0.111
Vermont,Guilford,95000085.0,57,0.091
Vermont,Halifax,95000086.0,26,0.121
Vermont,Hancock,95000087.0,2,0.032
Vermont,Hardwick,95000088.0,51,0.08900000000000001
Vermont,Hartford,95000089.0,386,0.16899999999999998
Vermont,Hartland,95000090.0,138,0.147
Vermont,Highgate,95000091.0,52,0.126
Vermont,Hinesburg,95000092.0,199,0.154
Vermont,Holland,95000093.0,8,0.083
Vermont,Hubbardton,95000094.0,23,0.16699999999999998
Vermont,Huntington,95000095.0,57,0.083
Vermont,Hyde Park,95000096.0,57,0.096
Vermont,Ira,95000097.0,8,0.10400000000000001
Vermont,Irasburg,95000098.0,17,0.109
Vermont,Isle La Motte,95000099.0,15,0.099
Vermont,Jamaica,95000100.0,43,0.195
Vermont,Jay,95000101.0,10,0.13
Vermont,Jericho,95000102.0,205,0.14300000000000002
Vermont,Johnson,95000103.0,35,0.071
Vermont,Killington,95000182.0,55,0.204
Vermont,Kirby,95000104.0,14,0.12300000000000001
Vermont,Landgrove,95000105.0,12,0.273
Vermont,Leicester,95000106.0,28,0.155
Vermont,Lemington,95000107.0,4,0.16699999999999998
Vermont,Lincoln,95000108.0,31,0.066
Vermont,Londonderry,95000109.0,54,0.163
Vermont,Lowell,95000110.0,10,0.073
Vermont,Ludlow,95000111.0,80,0.17800000000000002
Vermont,Lunenburg,95000112.0,22,0.147
Vermont,Lyndon,95000113.0,53,0.085
Vermont,Maidstone,95000114.0,2,0.07400000000000001
Vermont,Manchester,95000115.0,221,0.235
Vermont,Marlboro,95000116.0,42,0.121
Vermont,Marshfield,95000117.0,17,0.05
Vermont,Mendon,95000118.0,37,0.188
Vermont,Middlebury,95000119.0,317,0.177
Vermont,Middlesex,95000120.0,68,0.11699999999999999
Vermont,Middletown Springs,95000121.0,29,0.122
Vermont,Milton,95000122.0,196,0.115
Vermont,Monkton,95000123.0,46,0.081
Vermont,Montgomery,95000124.0,23,0.078
Vermont,Montpelier,95000125.0,477,0.165
Vermont,Moretown,95000126.0,43,0.09300000000000001
Vermont,Morgan,95000127.0,16,0.195
Vermont,Morristown,95000128.0,103,0.08900000000000001
Vermont,Mount Holly,95000129.0,54,0.188
Vermont,Mount Tabor,95000130.0,2,0.059000000000000004
Vermont,New Haven,95000134.0,46,0.09699999999999999
Vermont,Newark,95000131.0,8,0.085
Vermont,Newbury,95000132.0,36,0.087
Vermont,Newfane,95000133.0,67,0.13
Vermont,Newport,95000135.0,84,0.149
Vermont,Newport Town,95000136.0,19,0.107
Vermont,North Hero,95000138.0,37,0.146
Vermont,Northfield,95000137.0,128,0.14800000000000002
Vermont,Norton,95000139.0,6,0.207
Vermont,Norwich,95000140.0,405,0.284
Vermont,Orange,95000141.0,8,0.055999999999999994
Vermont,Orwell,95000142.0,32,0.155
Vermont,Panton,95000143.0,17,0.127
Vermont,Pawlet,95000144.0,31,0.098
Vermont,Peacham,95000145.0,24,0.126
Vermont,Peru,95000146.0,16,0.162
Vermont,Pittsfield,95000147.0,10,0.085
Vermont,Pittsford,95000148.0,68,0.151
Vermont,Plainfield,95000149.0,28,0.08199999999999999
Vermont,Plymouth,95000150.0,27,0.191
Vermont,Pomfret,95000151.0,55,0.19
Vermont,Poultney,95000152.0,78,0.14800000000000002
Vermont,Pownal,95000153.0,105,0.182
Vermont,Proctor,95000154.0,27,0.075
Vermont,Putney,95000155.0,80,0.098
Vermont,Randolph,95000156.0,85,0.086
Vermont,Reading,95000157.0,28,0.147
Vermont,Readsboro,95000158.0,41,0.268
Vermont,Richford,95000159.0,31,0.106
Vermont,Richmond,95000160.0,146,0.115
Vermont,Ripton,95000161.0,26,0.12
Vermont,Rochester,95000162.0,28,0.087
Vermont,Rockingham,95000163.0,134,0.11599999999999999
Vermont,Roxbury,95000164.0,14,0.075
Vermont,Royalton,95000165.0,77,0.133
Vermont,Rupert,95000166.0,28,0.177
Vermont,Rutland,95000167.0,430,0.156
Vermont,Rutland Town,95000168.0,159,0.203
Vermont,Ryegate,95000169.0,30,0.129
Vermont,Salisbury,95000174.0,34,0.15
Vermont,Sandgate,95000175.0,11,0.14300000000000002
Vermont,Searsburg,95000176.0,3,0.16699999999999998
Vermont,Shaftsbury,95000177.0,122,0.16899999999999998
Vermont,Sharon,95000178.0,38,0.10300000000000001
Vermont,Sheffield,95000179.0,5,0.045
Vermont,Shelburne,95000180.0,495,0.231
Vermont,Sheldon,95000181.0,24,0.1
Vermont,Shoreham,95000183.0,32,0.107
Vermont,Shrewsbury,95000184.0,34,0.138
Vermont,South Burlington,95000185.0,888,0.19399999999999998
Vermont,South Hero,95000186.0,82,0.157
Vermont,Springfield,95000187.0,211,0.133
Vermont,St. Albans,95000170.0,115,0.109
Vermont,St. Albans Town,95000171.0,140,0.135
Vermont,St. George,95000172.0,14,0.111
Vermont,St. Johnsbury,95000173.0,140,0.121
Vermont,Stamford,95000188.0,31,0.207
Vermont,Stannard,95000189.0,1,0.021
Vermont,Starksboro,95000190.0,30,0.066
Vermont,Stockbridge,95000191.0,22,0.14300000000000002
Vermont,Stowe,95000192.0,242,0.217
Vermont,Strafford,95000193.0,42,0.115
Vermont,Stratton,95000194.0,7,0.179
Vermont,Sudbury,95000195.0,16,0.129
Vermont,Sunderland,95000196.0,23,0.129
Vermont,Sutton,95000197.0,12,0.079
Vermont,Swanton,95000198.0,85,0.094
Vermont,Thetford,95000199.0,142,0.155
Vermont,Tinmouth,95000200.0,20,0.128
Vermont,Topsham,95000201.0,6,0.040999999999999995
Vermont,Townshend,95000202.0,39,0.135
Vermont,Troy,95000203.0,23,0.11
Vermont,Tunbridge,95000204.0,33,0.109
Vermont,Underhill,95000205.0,119,0.132
Vermont,Vergennes,95000206.0,54,0.087
Vermont,Vernon,95000207.0,62,0.136
Vermont,Vershire,95000208.0,17,0.096
Vermont,Victory,95000209.0,6,0.273
Vermont,Waitsfield,95000210.0,69,0.121
Vermont,Walden,95000211.0,18,0.079
Vermont,Wallingford,95000212.0,51,0.12300000000000001
Vermont,Waltham,95000213.0,18,0.138
Vermont,Wardsboro,95000214.0,16,0.107
Vermont,Warren,95000215.0,64,0.127
Vermont,Washington,95000216.0,33,0.175
Vermont,Waterbury,95000217.0,174,0.124
Vermont,Waterford,95000218.0,21,0.096
Vermont,Waterville,95000219.0,6,0.049
Vermont,Weathersfield,95000220.0,78,0.127
Vermont,Wells,95000221.0,26,0.139
Vermont,West Fairlee,95000222.0,9,0.071
Vermont,West Haven,95000225.0,5,0.086
Vermont,West Rutland,95000229.0,52,0.154
Vermont,West Windsor,95000230.0,53,0.165
Vermont,Westfield,95000223.0,8,0.071
Vermont,Westford,95000224.0,66,0.111
Vermont,Westminster,95000226.0,102,0.106
Vermont,Westmore,95000227.0,4,0.057
Vermont,Weston,95000228.0,26,0.14400000000000002
Vermont,Weybridge,95000231.0,61,0.21
Vermont,Wheelock,95000232.0,9,0.063
Vermont,Whiting,95000233.0,8,0.092
Vermont,Whitingham,95000234.0,24,0.127
Vermont,Williamstown,95000235.0,55,0.11199999999999999
Vermont,Williston,95000236.0,392,0.174
Vermont,Wilmington,95000237.0,70,0.159
Vermont,Windham,95000238.0,15,0.12
Vermont,Windsor,95000239.0,108,0.132
Vermont,Winhall,95000240.0,44,0.21600000000000003
Vermont,Winooski,95000241.0,156,0.102
Vermont,Wolcott,95000242.0,23,0.07
Vermont,Woodbury,95000243.0,11,0.055999999999999994
Vermont,Woodford,95000244.0,10,0.11599999999999999
Vermont,Woodstock,95000245.0,199,0.22
Vermont,Worcester,95000246.0,24,0.07200000000000001
Virginia,Accomack,51001.0,1789,0.72
Virginia,Albemarle,51003.0,8284,0.545
Virginia,Alexandria,51510.0,16281,0.695
Virginia,Alleghany,51005.0,433,0.633
Virginia,Amelia,51007.0,671,0.7879999999999999
Virginia,Amherst,51009.0,1044,0.652
Virginia,Appomattox,51011.0,448,0.67
Virginia,Arlington,51013.0,25561,0.669
Virginia,Augusta,51015.0,1639,0.48
Virginia,Bath,51017.0,148,0.63
Virginia,Bedford,51019.0,1876,0.565
Virginia,Bland,51021.0,125,0.517
Virginia,Botetourt,51023.0,888,0.557
Virginia,Bristol,51520.0,428,0.563
Virginia,Brunswick,51025.0,1354,0.897
Virginia,Buchanan,51027.0,523,0.7040000000000001
Virginia,Buckingham,51029.0,806,0.75
Virginia,Buena Vista,51530.0,143,0.584
Virginia,Campbell,51031.0,1296,0.657
Virginia,Caroline,51033.0,1902,0.743
Virginia,Carroll,51035.0,600,0.5710000000000001
Virginia,Charles City,51036.0,863,0.856
Virginia,Charlotte,51037.0,635,0.7909999999999999
Virginia,Charlottesville,51540.0,3888,0.46399999999999997
Virginia,Chesapeake,51550.0,16126,0.741
Virginia,Chesterfield,51041.0,22674,0.6609999999999999
Virginia,Clarke,51043.0,625,0.514
Virginia,Colonial Heights,51570.0,407,0.5579999999999999
Virginia,Covington,51580.0,244,0.735
Virginia,Craig,51045.0,113,0.511
Virginia,Culpeper,51047.0,1421,0.547
Virginia,Cumberland,51049.0,639,0.799
Virginia,Danville,51590.0,2676,0.8
Virginia,Dickenson,51051.0,346,0.6
Virginia,Dinwiddie,51053.0,1935,0.833
Virginia,Emporia,51595.0,404,0.882
Virginia,Essex,51057.0,642,0.8220000000000001
Virginia,Fairfax,51059.0,86898,0.63
Virginia,Fairfax City,51600.0,1840,0.594
Virginia,Falls Church,51610.0,1587,0.612
Virginia,Fauquier,51061.0,2860,0.545
Virginia,Floyd,51063.0,396,0.297
Virginia,Fluvanna,51065.0,1355,0.5760000000000001
Virginia,Franklin,51067.0,1674,0.626
Virginia,Franklin City,51620.0,831,0.882
Virginia,Frederick,51069.0,2136,0.505
Virginia,Fredericksburg,51630.0,1396,0.527
Virginia,Galax,51640.0,129,0.578
Virginia,Giles,51071.0,405,0.5579999999999999
Virginia,Gloucester,51073.0,1448,0.591
Virginia,Goochland,51075.0,1572,0.716
Virginia,Grayson,51077.0,265,0.493
Virginia,Greene,51079.0,579,0.48700000000000004
Virginia,Greensville,51081.0,832,0.877
Virginia,Halifax,51083.0,1754,0.8079999999999999
Virginia,Hampton,51650.0,13529,0.779
Virginia,Hanover,51085.0,4915,0.599
Virginia,Harrisonburg,51660.0,1481,0.336
Virginia,Henrico,51087.0,28121,0.698
Virginia,Henry,51089.0,1809,0.727
Virginia,Highland,51091.0,86,0.494
Virginia,Hopewell,51670.0,1177,0.774
Virginia,Isle of Wight,51093.0,2446,0.7390000000000001
Virginia,James City,51095.0,5210,0.6509999999999999
Virginia,King George,51099.0,916,0.594
Virginia,King William,51101.0,841,0.7190000000000001
Virginia,King and Queen,51097.0,477,0.787
Virginia,Lancaster,51103.0,823,0.743
Virginia,Lee,51105.0,299,0.635
Virginia,Lexington,51678.0,402,0.611
Virginia,Loudoun,51107.0,21171,0.586
Virginia,Louisa,51109.0,1630,0.655
Virginia,Lunenburg,51111.0,738,0.836
Virginia,Lynchburg,51680.0,3104,0.616
Virginia,Madison,51113.0,538,0.591
Virginia,Manassas,51683.0,1812,0.581
Virginia,Manassas Park,51685.0,581,0.574
Virginia,Martinsville,51690.0,834,0.753
Virginia,Mathews,51115.0,435,0.633
Virginia,Mecklenburg,51117.0,1588,0.8029999999999999
Virginia,Middlesex,51119.0,559,0.653
Virginia,Montgomery,51121.0,3506,0.40700000000000003
Virginia,Nelson,51125.0,991,0.562
Virginia,New Kent,51127.0,951,0.6779999999999999
Virginia,Newport News,51700.0,12495,0.73
Virginia,Norfolk,51710.0,15747,0.6920000000000001
Virginia,Northampton,51131.0,868,0.725
Virginia,Northumberland,51133.0,818,0.75
Virginia,Norton,51720.0,86,0.5379999999999999
Virginia,Nottoway,51135.0,829,0.7809999999999999
Virginia,Orange,51137.0,1322,0.599
Virginia,Page,51139.0,411,0.536
Virginia,Patrick,51141.0,361,0.488
Virginia,Petersburg,51730.0,4099,0.8540000000000001
Virginia,Pittsylvania,51143.0,2369,0.752
Virginia,Poquoson,51735.0,295,0.465
Virginia,Portsmouth,51740.0,9464,0.785
Virginia,Powhatan,51145.0,1079,0.644
Virginia,Prince Edward,51147.0,1366,0.758
Virginia,Prince George,51149.0,1992,0.777
Virginia,Prince William,51153.0,26439,0.638
Virginia,Pulaski,51155.0,837,0.583
Virginia,Radford,51750.0,472,0.41600000000000004
Virginia,Rappahannock,51157.0,416,0.501
Virginia,Richmond,51159.0,333,0.8
Virginia,Richmond City,51760.0,21822,0.606
Virginia,Roanoke,51161.0,3323,0.5429999999999999
Virginia,Roanoke City,51770.0,4783,0.59
Virginia,Rockbridge,51163.0,902,0.5710000000000001
Virginia,Rockingham,51165.0,1734,0.47
Virginia,Russell,51167.0,556,0.599
Virginia,Salem,51775.0,824,0.511
Virginia,Scott,51169.0,305,0.562
Virginia,Shenandoah,51171.0,958,0.505
Virginia,Smyth,51173.0,526,0.586
Virginia,Southampton,51175.0,1199,0.838
Virginia,Spotsylvania,51177.0,5399,0.604
Virginia,Stafford,51179.0,6437,0.603
Virginia,Staunton,51790.0,1114,0.44799999999999995
Virginia,Suffolk,51800.0,7533,0.795
Virginia,Surry,51181.0,812,0.818
Virginia,Sussex,51183.0,958,0.905
Virginia,Tazewell,51185.0,683,0.5770000000000001
Virginia,Virginia Beach,51810.0,22352,0.63
Virginia,Warren,51187.0,941,0.48
Virginia,Washington,51191.0,1181,0.541
Virginia,Waynesboro,51820.0,788,0.503
Virginia,Westmoreland,51193.0,879,0.745
Virginia,Williamsburg,51830.0,1159,0.491
Virginia,Winchester,51840.0,949,0.51
Virginia,Wise,51195.0,519,0.48
Virginia,Wythe,51197.0,528,0.552
Virginia,York,51199.0,3292,0.615
Washington,Adams,53001.0,6,0.261
Washington,Asotin,53003.0,21,0.32799999999999996
Washington,Benton,53005.0,107,0.217
Washington,Chelan,53007.0,63,0.28300000000000003
Washington,Clallam,53009.0,85,0.31
Washington,Clark,53011.0,297,0.215
Washington,Columbia,53013.0,3,0.231
Washington,Cowlitz,53015.0,76,0.23
Washington,Douglas,53017.0,23,0.267
Washington,Ferry,53019.0,5,0.217
Washington,Franklin,53021.0,29,0.201
Washington,Garfield,53023.0,2,0.4
Washington,Grant,53025.0,29,0.204
Washington,Grays Harbor,53027.0,65,0.267
Washington,Island,53029.0,97,0.306
Washington,Jefferson,53031.0,56,0.293
Washington,King,53033.0,3246,0.326
Washington,Kitsap,53035.0,238,0.27399999999999997
Washington,Kittitas,53037.0,31,0.226
Washington,Klickitat,53039.0,11,0.16699999999999998
Washington,Lewis,53041.0,36,0.17600000000000002
Washington,Lincoln,53043.0,8,0.258
Washington,Mason,53045.0,55,0.255
Washington,Okanogan,53047.0,23,0.13
Washington,Pacific,53049.0,18,0.18899999999999997
Washington,Pend Oreille,53051.0,10,0.222
Washington,Pierce,53053.0,712,0.265
Washington,San Juan,53055.0,25,0.24
Washington,Skagit,53057.0,116,0.265
Washington,Skamania,53059.0,5,0.098
Washington,Snohomish,53061.0,677,0.23800000000000002
Washington,Spokane,53063.0,333,0.217
Washington,Stevens,53065.0,23,0.184
Washington,Thurston,53067.0,245,0.22
Washington,Wahkiakum,53069.0,2,0.105
Washington,Walla Walla,53071.0,45,0.292
Washington,Whatcom,53073.0,166,0.192
Washington,Whitman,53075.0,28,0.204
Washington,Yakima,53077.0,123,0.237
West Virginia,Barbour,54001.0,686,0.35600000000000004
West Virginia,Berkeley,54003.0,3591,0.44
West Virginia,Boone,54005.0,1244,0.268
West Virginia,Braxton,54007.0,899,0.349
West Virginia,Brooke,54009.0,1489,0.385
West Virginia,Cabell,54011.0,4407,0.379
West Virginia,Calhoun,54013.0,312,0.23600000000000002
West Virginia,Clay,54015.0,434,0.294
West Virginia,Doddridge,54017.0,115,0.28800000000000003
West Virginia,Fayette,54019.0,2317,0.33799999999999997
West Virginia,Gilmer,54021.0,343,0.28300000000000003
West Virginia,Grant,54023.0,168,0.42100000000000004
West Virginia,Greenbrier,54025.0,1894,0.35
West Virginia,Hampshire,54027.0,719,0.33
West Virginia,Hancock,54029.0,1547,0.368
West Virginia,Hardy,54031.0,655,0.342
West Virginia,Harrison,54033.0,4184,0.382
West Virginia,Jackson,54035.0,1443,0.4
West Virginia,Jefferson,54037.0,2910,0.45
West Virginia,Kanawha,54039.0,12628,0.45
West Virginia,Lewis,54041.0,712,0.318
West Virginia,Lincoln,54043.0,1015,0.317
West Virginia,Logan,54045.0,1491,0.235
West Virginia,Marion,54049.0,3556,0.35
West Virginia,Marshall,54051.0,1449,0.312
West Virginia,Mason,54053.0,1221,0.35600000000000004
West Virginia,McDowell,54047.0,781,0.299
West Virginia,Mercer,54055.0,2167,0.345
West Virginia,Mineral,54057.0,854,0.38
West Virginia,Mingo,54059.0,1074,0.214
West Virginia,Monongalia,54061.0,4963,0.353
West Virginia,Monroe,54063.0,604,0.368
West Virginia,Morgan,54065.0,486,0.39299999999999996
West Virginia,Nicholas,54067.0,1086,0.295
West Virginia,Ohio,54069.0,2468,0.389
West Virginia,Pendleton,54071.0,384,0.386
West Virginia,Pleasants,54073.0,329,0.33299999999999996
West Virginia,Pocahontas,54075.0,524,0.348
West Virginia,Preston,54077.0,957,0.313
West Virginia,Putnam,54079.0,2543,0.401
West Virginia,Raleigh,54081.0,3225,0.34600000000000003
West Virginia,Randolph,54083.0,1515,0.318
West Virginia,Ritchie,54085.0,199,0.32899999999999996
West Virginia,Roane,54087.0,741,0.391
West Virginia,Summers,54089.0,779,0.375
West Virginia,Taylor,54091.0,764,0.358
West Virginia,Tucker,54093.0,330,0.261
West Virginia,Tyler,54095.0,202,0.28300000000000003
West Virginia,Upshur,54097.0,738,0.365
West Virginia,Wayne,54099.0,1934,0.306
West Virginia,Webster,54101.0,384,0.248
West Virginia,Wetzel,54103.0,845,0.27399999999999997
West Virginia,Wirt,54105.0,170,0.292
West Virginia,Wood,54107.0,3169,0.373
West Virginia,Wyoming,54109.0,710,0.24600000000000002
Wisconsin,Adams,55001.0,1373,0.474
Wisconsin,Ashland,55003.0,1346,0.368
Wisconsin,Barron,55005.0,2570,0.462
Wisconsin,Bayfield,55007.0,1484,0.36200000000000004
Wisconsin,Brown,55009.0,16626,0.424
Wisconsin,Buffalo,55011.0,825,0.415
Wisconsin,Burnett,55013.0,917,0.494
Wisconsin,Calumet,55015.0,3031,0.429
Wisconsin,Chippewa,55017.0,4021,0.43799999999999994
Wisconsin,Clark,55019.0,1475,0.428
Wisconsin,Columbia,55021.0,4183,0.392
Wisconsin,Crawford,55023.0,1132,0.414
Wisconsin,Dane,55025.0,61072,0.373
Wisconsin,Dodge,55027.0,4501,0.418
Wisconsin,Door,55029.0,2935,0.461
Wisconsin,Douglas,55031.0,3574,0.439
Wisconsin,Dunn,55033.0,2421,0.36
Wisconsin,Eau Claire,55035.0,7323,0.358
Wisconsin,Florence,55037.0,175,0.369
Wisconsin,Fond du Lac,55039.0,5514,0.42700000000000005
Wisconsin,Forest,55041.0,609,0.48100000000000004
Wisconsin,Grant,55043.0,3036,0.402
Wisconsin,Green,55045.0,2766,0.387
Wisconsin,Green Lake,55047.0,869,0.429
Wisconsin,Iowa,55049.0,2161,0.402
Wisconsin,Iron,55051.0,437,0.439
Wisconsin,Jackson,55053.0,1294,0.41
Wisconsin,Jefferson,55055.0,4771,0.387
Wisconsin,Juneau,55057.0,1357,0.42200000000000004
Wisconsin,Kenosha,55059.0,10871,0.425
Wisconsin,Kewaunee,55061.0,1495,0.47100000000000003
Wisconsin,La Crosse,55063.0,8901,0.369
Wisconsin,Lafayette,55065.0,1167,0.46399999999999997
Wisconsin,Langlade,55067.0,1192,0.45
Wisconsin,Lincoln,55069.0,1732,0.414
Wisconsin,Manitowoc,55071.0,4983,0.434
Wisconsin,Marathon,55073.0,8047,0.40700000000000003
Wisconsin,Marinette,55075.0,2577,0.486
Wisconsin,Marquette,55077.0,994,0.42700000000000005
Wisconsin,Menominee,55078.0,204,0.364
Wisconsin,Milwaukee,55079.0,100932,0.517
Wisconsin,Monroe,55081.0,2270,0.389
Wisconsin,Oconto,55083.0,2418,0.48100000000000004
Wisconsin,Oneida,55085.0,2493,0.39399999999999996
Wisconsin,Outagamie,55087.0,11202,0.396
Wisconsin,Ozaukee,55089.0,6572,0.488
Wisconsin,Pepin,55091.0,435,0.436
Wisconsin,Pierce,55093.0,2340,0.419
Wisconsin,Polk,55095.0,2174,0.46299999999999997
Wisconsin,Portage,55097.0,5036,0.349
Wisconsin,Price,55099.0,854,0.37799999999999995
Wisconsin,Racine,55101.0,14086,0.489
Wisconsin,Richland,55103.0,1276,0.41600000000000004
Wisconsin,Rock,55105.0,11248,0.392
Wisconsin,Rusk,55107.0,817,0.425
Wisconsin,Sauk,55111.0,4526,0.385
Wisconsin,Sawyer,55113.0,975,0.369
Wisconsin,Shawano,55115.0,2124,0.415
Wisconsin,Sheboygan,55117.0,7175,0.45399999999999996
Wisconsin,St. Croix,55109.0,4891,0.46
Wisconsin,Taylor,55119.0,850,0.397
Wisconsin,Trempealeau,55121.0,1988,0.44799999999999995
Wisconsin,Vernon,55123.0,1934,0.35600000000000004
Wisconsin,Vilas,55125.0,1412,0.396
Wisconsin,Walworth,55127.0,5174,0.38
Wisconsin,Washburn,55129.0,1059,0.424
Wisconsin,Washington,55131.0,6381,0.45299999999999996
Wisconsin,Waukesha,55133.0,24784,0.484
Wisconsin,Waupaca,55135.0,2582,0.397
Wisconsin,Waushara,55137.0,1181,0.43799999999999994
Wisconsin,Winnebago,55139.0,11193,0.385
Wisconsin,Wood,55141.0,4424,0.395
Wyoming,Albany,56001.0,8,0.242
Wyoming,Big Horn,56003.0,2,0.5
Wyoming,Campbell,56005.0,6,0.33299999999999996
Wyoming,Carbon,56007.0,4,0.5710000000000001
Wyoming,Converse,56009.0,2,0.4
Wyoming,Crook,56011.0,1,0.5
Wyoming,Fremont,56013.0,10,0.5
Wyoming,Goshen,56015.0,3,0.6
Wyoming,Hot Springs,56017.0,1,0.5
Wyoming,Johnson,56019.0,1,0.5
Wyoming,Laramie,56021.0,26,0.51
Wyoming,Lincoln,56023.0,3,0.5
Wyoming,Natrona,56025.0,20,0.526
Wyoming,Niobrara,56027.0,0,0.0
Wyoming,Park,56029.0,5,0.385
Wyoming,Platte,56031.0,1,0.33299999999999996
Wyoming,Sheridan,56033.0,7,0.5
Wyoming,Sublette,56035.0,1,0.25
Wyoming,Sweetwater,56037.0,10,0.455
Wyoming,Teton,56039.0,6,0.4
Wyoming,Uinta,56041.0,4,0.444
Wyoming,Washakie,56043.0,2,0.667
Wyoming,Weston,56045.0,1,0.5
